,date,country,confirmed,new_confirmed,new_conf_avg_7,growth,growth_avg_7,predict,new_predict,new_pred_avg_7,p_growth,p_gr_avg_7
0,2020-01-23,Singapore,1.0,1.0,,0.0,1.0,30,,,1.0,
1,2020-01-24,Singapore,3.0,2.0,,3.0,1.1520000000000001,30,0.0,,1.0,
2,2020-01-25,Singapore,3.0,0.0,,1.0,1.15,31,1.0,,1.033,
3,2020-01-26,Singapore,4.0,1.0,,1.3330000000000002,1.196,31,0.0,,1.0,
4,2020-01-27,Singapore,5.0,1.0,,1.25,1.23,31,0.0,,1.0,
5,2020-01-28,Singapore,7.0,2.0,,1.4,1.285,32,1.0,,1.032,
6,2020-01-29,Singapore,8.0,1.0,1.0,1.143,1.304,32,0.0,,1.0,1.009
7,2020-01-30,Singapore,10.0,2.0,1.0,1.25,1.482,33,1.0,1.0,1.031,1.014
8,2020-01-31,Singapore,13.0,3.0,1.0,1.3,1.239,33,0.0,1.0,1.0,1.014
9,2020-02-01,Singapore,16.0,3.0,2.0,1.2309999999999999,1.272,34,1.0,2.0,1.03,1.013
10,2020-02-02,Singapore,18.0,2.0,2.0,1.125,1.2429999999999999,34,0.0,2.0,1.0,1.013
11,2020-02-03,Singapore,21.0,3.0,2.0,1.167,1.2309999999999999,35,1.0,2.0,1.029,1.017
12,2020-02-04,Singapore,24.0,3.0,2.0,1.143,1.194,35,0.0,2.0,1.0,1.013
13,2020-02-05,Singapore,28.0,4.0,3.0,1.167,1.198,36,1.0,3.0,1.029,1.017
14,2020-02-06,Singapore,29.0,1.0,3.0,1.036,1.167,37,1.0,3.0,1.028,1.017
15,2020-02-07,Singapore,30.0,1.0,2.0,1.034,1.129,38,1.0,2.0,1.027,1.02
16,2020-02-08,Singapore,35.0,5.0,3.0,1.167,1.12,39,1.0,3.0,1.026,1.02
17,2020-02-09,Singapore,40.0,5.0,3.0,1.143,1.122,40,1.0,3.0,1.026,1.024
18,2020-02-10,Singapore,45.0,5.0,3.0,1.125,1.1159999999999999,41,1.0,3.0,1.025,1.023
19,2020-02-11,Singapore,47.0,2.0,3.0,1.044,1.102,42,1.0,3.0,1.024,1.026
20,2020-02-12,Singapore,52.0,5.0,3.0,1.1059999999999999,1.094,43,1.0,3.0,1.024,1.026
21,2020-02-13,Singapore,58.0,6.0,4.0,1.115,1.105,45,2.0,4.0,1.047,1.028
22,2020-02-14,Singapore,67.0,9.0,5.0,1.155,1.122,46,1.0,5.0,1.022,1.028
23,2020-02-15,Singapore,71.0,4.0,5.0,1.06,1.107,48,2.0,5.0,1.043,1.03
24,2020-02-16,Singapore,74.0,3.0,5.0,1.042,1.092,50,2.0,5.0,1.042,1.032
25,2020-02-17,Singapore,78.0,4.0,5.0,1.054,1.082,52,2.0,5.0,1.04,1.035
26,2020-02-18,Singapore,80.0,2.0,5.0,1.026,1.08,54,2.0,5.0,1.038,1.037
27,2020-02-19,Singapore,82.0,2.0,4.0,1.025,1.068,56,2.0,4.0,1.037,1.038
28,2020-02-20,Singapore,84.0,2.0,4.0,1.024,1.055,59,3.0,4.0,1.054,1.039
29,2020-02-21,Singapore,84.0,0.0,2.0,1.0,1.033,62,3.0,2.0,1.051,1.044
30,2020-02-22,Singapore,87.0,3.0,2.0,1.036,1.03,65,3.0,2.0,1.048,1.044
31,2020-02-23,Singapore,87.0,0.0,2.0,1.0,1.024,69,4.0,2.0,1.062,1.047
32,2020-02-24,Singapore,90.0,3.0,2.0,1.034,1.021,72,3.0,2.0,1.043,1.048
33,2020-02-25,Singapore,91.0,1.0,2.0,1.011,1.0190000000000001,76,4.0,2.0,1.056,1.05
34,2020-02-26,Singapore,92.0,1.0,1.0,1.011,1.0170000000000001,81,5.0,1.0,1.066,1.054
35,2020-02-27,Singapore,93.0,1.0,1.0,1.011,1.015,86,5.0,1.0,1.062,1.055
36,2020-02-28,Singapore,97.0,4.0,2.0,1.043,1.021,91,5.0,2.0,1.058,1.056
37,2020-02-29,Singapore,99.0,2.0,2.0,1.021,1.0190000000000001,97,6.0,2.0,1.066,1.059
38,2020-03-01,Singapore,105.0,6.0,3.0,1.061,1.0270000000000001,103,6.0,3.0,1.062,1.059
39,2020-03-02,Singapore,108.0,3.0,3.0,1.0290000000000001,1.0270000000000001,110,7.0,3.0,1.068,1.063
40,2020-03-03,Singapore,109.0,1.0,3.0,1.0090000000000001,1.026,117,7.0,3.0,1.064,1.064
41,2020-03-04,Singapore,113.0,4.0,3.0,1.037,1.03,125,8.0,3.0,1.068,1.064
42,2020-03-05,Singapore,120.0,7.0,4.0,1.062,1.037,134,9.0,4.0,1.072,1.065
43,2020-03-06,Singapore,130.0,10.0,5.0,1.083,1.043,144,10.0,5.0,1.075,1.068
44,2020-03-07,Singapore,140.0,10.0,6.0,1.077,1.051,154,10.0,6.0,1.069,1.068
45,2020-03-08,Singapore,144.0,4.0,6.0,1.0290000000000001,1.047,166,12.0,6.0,1.078,1.071
46,2020-03-09,Singapore,155.0,11.0,7.0,1.0759999999999998,1.053,178,12.0,7.0,1.072,1.071
47,2020-03-10,Singapore,164.0,9.0,8.0,1.058,1.06,192,14.0,8.0,1.079,1.073
48,2020-03-11,Singapore,178.0,14.0,9.0,1.085,1.067,206,14.0,9.0,1.073,1.074
49,2020-03-12,Singapore,189.0,11.0,10.0,1.062,1.067,222,16.0,10.0,1.078,1.075
50,2020-03-13,Singapore,200.0,11.0,10.0,1.058,1.064,239,17.0,10.0,1.077,1.075
51,2020-03-14,Singapore,213.0,13.0,10.0,1.065,1.062,258,19.0,10.0,1.079,1.077
52,2020-03-15,Singapore,227.0,14.0,12.0,1.0659999999999998,1.067,279,21.0,12.0,1.081,1.077
53,2020-03-16,Singapore,246.0,19.0,13.0,1.084,1.068,301,22.0,13.0,1.079,1.078
54,2020-03-17,Singapore,278.0,32.0,16.0,1.13,1.079,325,24.0,16.0,1.08,1.078
55,2020-03-18,Singapore,313.0,35.0,19.0,1.126,1.084,351,26.0,19.0,1.08,1.079
56,2020-03-19,Singapore,349.0,36.0,23.0,1.115,1.092,379,28.0,23.0,1.08,1.079
57,2020-03-20,Singapore,385.0,36.0,26.0,1.103,1.0979999999999999,410,31.0,26.0,1.082,1.08
58,2020-03-21,Singapore,432.0,47.0,31.0,1.122,1.107,443,33.0,31.0,1.08,1.08
59,2020-03-22,Singapore,470.0,38.0,35.0,1.088,1.11,479,36.0,35.0,1.081,1.08
60,2020-03-23,Singapore,509.0,39.0,38.0,1.083,1.11,517,38.0,38.0,1.079,1.08
61,2020-03-24,Singapore,570.0,61.0,42.0,1.12,1.1079999999999999,559,42.0,42.0,1.081,1.08
62,2020-03-25,Singapore,631.0,61.0,45.0,1.107,1.105,604,45.0,45.0,1.081,1.081
63,2020-03-26,Singapore,681.0,50.0,47.0,1.079,1.1,652,48.0,47.0,1.079,1.08
64,2020-03-27,Singapore,742.0,61.0,51.0,1.09,1.0979999999999999,704,52.0,51.0,1.08,1.08
65,2020-03-28,Singapore,788.0,46.0,51.0,1.062,1.09,760,56.0,51.0,1.08,1.08
66,2020-03-29,Singapore,840.0,52.0,53.0,1.0659999999999998,1.087,819,59.0,53.0,1.078,1.08
67,2020-03-30,Singapore,885.0,45.0,54.0,1.054,1.083,883,64.0,54.0,1.078,1.08
68,2020-03-31,Singapore,939.0,54.0,53.0,1.061,1.074,951,68.0,53.0,1.077,1.079
69,2020-04-01,Singapore,987.0,48.0,51.0,1.051,1.0659999999999998,1023,72.0,51.0,1.076,1.078
70,2020-04-02,Singapore,1057.0,70.0,54.0,1.071,1.065,1100,77.0,54.0,1.075,1.078
71,2020-04-03,Singapore,1119.0,62.0,54.0,1.0590000000000002,1.061,1181,81.0,54.0,1.074,1.077
72,2020-04-04,Singapore,1211.0,92.0,60.0,1.082,1.063,1267,86.0,60.0,1.073,1.076
73,2020-04-05,Singapore,1282.0,71.0,63.0,1.0590000000000002,1.062,1358,91.0,63.0,1.072,1.075
74,2020-04-06,Singapore,1395.0,113.0,73.0,1.088,1.067,1453,95.0,73.0,1.07,1.074
75,2020-04-07,Singapore,1499.0,104.0,80.0,1.075,1.069,1553,100.0,80.0,1.069,1.073
76,2020-04-08,Singapore,1623.0,124.0,91.0,1.083,1.074,1658,105.0,91.0,1.068,1.072
77,2020-04-09,Singapore,,,,,,1767,109.0,101.0,1.066,1.07
78,2020-04-10,Singapore,,,,,,1880,113.0,109.0,1.064,1.069
79,2020-04-11,Singapore,,,,,,1996,116.0,112.0,1.062,1.067
80,2020-04-12,Singapore,,,,,,2116,120.0,119.0,1.06,1.066
81,2020-04-13,Singapore,,,,,,2240,124.0,121.0,1.059,1.064
82,2020-04-14,Singapore,,,,,,2365,125.0,124.0,1.056,1.062
83,2020-04-15,Singapore,,,,,,2493,128.0,124.0,1.054,1.06
84,2020-04-16,Singapore,,,,,,2622,129.0,122.0,1.052,1.058
85,2020-04-17,Singapore,,,,,,2753,131.0,125.0,1.05,1.056
86,2020-04-18,Singapore,,,,,,2883,130.0,127.0,1.047,1.054
87,2020-04-19,Singapore,,,,,,3014,131.0,128.0,1.045,1.052
88,2020-04-20,Singapore,,,,,,3143,129.0,129.0,1.043,1.05
89,2020-04-21,Singapore,,,,,,3271,128.0,129.0,1.041,1.047
90,2020-04-22,Singapore,,,,,,3397,126.0,129.0,1.039,1.045
91,2020-04-23,Singapore,,,,,,3521,124.0,128.0,1.037,1.043
92,2020-04-24,Singapore,,,,,,3641,120.0,127.0,1.034,1.041
93,2020-04-25,Singapore,,,,,,3758,117.0,125.0,1.032,1.039
94,2020-04-26,Singapore,,,,,,3871,113.0,122.0,1.03,1.037
95,2020-04-27,Singapore,,,,,,3980,109.0,120.0,1.028,1.034
96,2020-04-28,Singapore,,,,,,4085,105.0,116.0,1.026,1.032
97,2020-04-29,Singapore,,,,,,4184,99.0,112.0,1.024,1.03
98,2020-04-30,Singapore,,,,,,4279,95.0,108.0,1.023,1.028
99,2020-05-01,Singapore,,,,,,4369,90.0,104.0,1.021,1.026
100,2020-05-02,Singapore,,,,,,4454,85.0,99.0,1.019,1.024
101,2020-05-03,Singapore,,,,,,4534,80.0,95.0,1.018,1.023
102,2020-05-04,Singapore,,,,,,4609,75.0,90.0,1.017,1.021
103,2020-05-05,Singapore,,,,,,4679,70.0,85.0,1.015,1.02
104,2020-05-06,Singapore,,,,,,4745,66.0,80.0,1.014,1.018
105,2020-05-07,Singapore,,,,,,4806,61.0,75.0,1.013,1.017
106,2020-05-08,Singapore,,,,,,4863,57.0,71.0,1.012,1.015
107,2020-05-09,Singapore,,,,,,4916,53.0,66.0,1.011,1.014
108,2020-05-10,Singapore,,,,,,4964,48.0,61.0,1.01,1.013
109,2020-05-11,Singapore,,,,,,5009,45.0,57.0,1.009,1.012
110,2020-05-12,Singapore,,,,,,5051,42.0,53.0,1.008,1.011
111,2020-05-13,Singapore,,,,,,5089,38.0,49.0,1.008,1.01
112,2020-05-14,Singapore,,,,,,5124,35.0,45.0,1.007,1.009
113,2020-05-15,Singapore,,,,,,5156,32.0,42.0,1.006,1.008
114,2020-05-16,Singapore,,,,,,5186,30.0,39.0,1.006,1.008
115,2020-05-17,Singapore,,,,,,5213,27.0,36.0,1.005,1.007
116,2020-05-18,Singapore,,,,,,5237,24.0,33.0,1.005,1.006
117,2020-05-19,Singapore,,,,,,5260,23.0,30.0,1.004,1.006
118,2020-05-20,Singapore,,,,,,5281,21.0,27.0,1.004,1.005
119,2020-05-21,Singapore,,,,,,5299,18.0,25.0,1.003,1.005
120,2020-05-22,Singapore,,,,,,5317,18.0,23.0,1.003,1.004
121,2020-05-23,Singapore,,,,,,5332,15.0,21.0,1.003,1.004
122,2020-05-24,Singapore,,,,,,5346,14.0,19.0,1.003,1.004
123,2020-05-25,Singapore,,,,,,5359,13.0,17.0,1.002,1.003
124,2020-05-26,Singapore,,,,,,5371,12.0,16.0,1.002,1.003
125,2020-05-27,Singapore,,,,,,5382,11.0,14.0,1.002,1.003
126,2020-05-28,Singapore,,,,,,5392,10.0,13.0,1.002,1.002
127,2020-05-29,Singapore,,,,,,5400,8.0,12.0,1.001,1.002
128,2020-05-30,Singapore,,,,,,5408,8.0,11.0,1.001,1.002
129,2020-05-31,Singapore,,,,,,5416,8.0,10.0,1.001,1.002
130,2020-06-01,Singapore,,,,,,5422,6.0,9.0,1.001,1.001
131,2020-06-02,Singapore,,,,,,5428,6.0,8.0,1.001,1.001
132,2020-06-03,Singapore,,,,,,5434,6.0,7.0,1.001,1.001
133,2020-06-04,Singapore,,,,,,5438,4.0,7.0,1.001,1.001
134,2020-06-05,Singapore,,,,,,5443,5.0,6.0,1.001,1.001
135,2020-06-06,Singapore,,,,,,5447,4.0,6.0,1.001,1.001
136,2020-06-07,Singapore,,,,,,5451,4.0,5.0,1.001,1.001
137,2020-06-08,Singapore,,,,,,5454,3.0,5.0,1.001,1.001
138,2020-06-09,Singapore,,,,,,5457,3.0,4.0,1.001,1.001
139,2020-06-10,Singapore,,,,,,5460,3.0,4.0,1.001,1.001
140,2020-06-11,Singapore,,,,,,5462,2.0,3.0,1.0,1.001
141,2020-06-12,Singapore,,,,,,5464,2.0,3.0,1.0,1.001
142,2020-06-13,Singapore,,,,,,5466,2.0,3.0,1.0,1.001
143,2020-06-14,Singapore,,,,,,5468,2.0,2.0,1.0,1.0
144,2020-06-15,Singapore,,,,,,5470,2.0,2.0,1.0,1.0
145,2020-06-16,Singapore,,,,,,5471,1.0,2.0,1.0,1.0
146,2020-06-17,Singapore,,,,,,5473,2.0,2.0,1.0,1.0
147,2020-06-18,Singapore,,,,,,5474,1.0,2.0,1.0,1.0
148,2020-06-19,Singapore,,,,,,5475,1.0,2.0,1.0,1.0
149,2020-06-20,Singapore,,,,,,5476,1.0,1.0,1.0,1.0
150,2020-06-21,Singapore,,,,,,5477,1.0,1.0,1.0,1.0
151,2020-06-22,Singapore,,,,,,5478,1.0,1.0,1.0,1.0
152,2020-06-23,Singapore,,,,,,5479,1.0,1.0,1.0,1.0
153,2020-06-24,Singapore,,,,,,5479,0.0,1.0,1.0,1.0
154,2020-06-25,Singapore,,,,,,5480,1.0,1.0,1.0,1.0
155,2020-06-26,Singapore,,,,,,5480,0.0,1.0,1.0,1.0
156,2020-06-27,Singapore,,,,,,5481,1.0,1.0,1.0,1.0
157,2020-06-28,Singapore,,,,,,5481,0.0,1.0,1.0,1.0
158,2020-06-29,Singapore,,,,,,5482,1.0,1.0,1.0,1.0
159,2020-06-30,Singapore,,,,,,5482,0.0,0.0,1.0,1.0
160,2020-07-01,Singapore,,,,,,5483,1.0,1.0,1.0,1.0
161,2020-07-02,Singapore,,,,,,5483,0.0,0.0,1.0,1.0
162,2020-07-03,Singapore,,,,,,5483,0.0,0.0,1.0,1.0
163,2020-07-04,Singapore,,,,,,5483,0.0,0.0,1.0,1.0
164,2020-07-05,Singapore,,,,,,5484,1.0,0.0,1.0,1.0
165,2020-07-06,Singapore,,,,,,5484,0.0,0.0,1.0,1.0
166,2020-07-07,Singapore,,,,,,5484,0.0,0.0,1.0,1.0
167,2020-07-08,Singapore,,,,,,5484,0.0,0.0,1.0,1.0
168,2020-07-09,Singapore,,,,,,5484,0.0,0.0,1.0,1.0
169,2020-07-10,Singapore,,,,,,5484,0.0,0.0,1.0,1.0
170,2020-07-11,Singapore,,,,,,5485,1.0,0.0,1.0,1.0
171,2020-07-12,Singapore,,,,,,5485,0.0,0.0,1.0,1.0
172,2020-07-13,Singapore,,,,,,5485,0.0,0.0,1.0,1.0
173,2020-07-14,Singapore,,,,,,5485,0.0,0.0,1.0,1.0
174,2020-07-15,Singapore,,,,,,5485,0.0,0.0,1.0,1.0
175,2020-07-16,Singapore,,,,,,5485,0.0,0.0,1.0,1.0
176,2020-07-17,Singapore,,,,,,5485,0.0,0.0,1.0,1.0
177,2020-07-18,Singapore,,,,,,5485,0.0,0.0,1.0,1.0
178,2020-07-19,Singapore,,,,,,5485,0.0,0.0,1.0,1.0
179,2020-07-20,Singapore,,,,,,5485,0.0,0.0,1.0,1.0
180,2020-07-21,Singapore,,,,,,5485,0.0,0.0,1.0,1.0
181,2020-07-22,Singapore,,,,,,5485,0.0,0.0,1.0,1.0
182,2020-07-23,Singapore,,,,,,5485,0.0,0.0,1.0,1.0
183,2020-07-24,Singapore,,,,,,5485,0.0,0.0,1.0,1.0
184,2020-07-25,Singapore,,,,,,5485,0.0,0.0,1.0,1.0
185,2020-07-26,Singapore,,,,,,5485,0.0,0.0,1.0,1.0
186,2020-07-27,Singapore,,,,,,5485,0.0,0.0,1.0,1.0
187,2020-07-28,Singapore,,,,,,5486,1.0,0.0,1.0,1.0
