,date,country,confirmed,new_confirmed,new_conf_avg_7,growth,growth_avg_7,predict,new_predict,new_pred_avg_7,p_growth,p_gr_avg_7
0,2019-12-31,China,27.0,27.0,,0.0,,0,,,1.0,
1,2020-01-01,China,27.0,0.0,,1.0,,0,0.0,,0.0,
2,2020-01-02,China,34.0,7.0,,1.2590000000000001,,0,0.0,,0.0,
3,2020-01-03,China,41.0,7.0,,1.206,,0,0.0,,0.0,
4,2020-01-04,China,41.0,0.0,,1.0,,0,0.0,,0.0,
5,2020-01-05,China,41.0,0.0,,1.0,,0,0.0,,0.0,
6,2020-01-06,China,41.0,0.0,6.0,1.0,1.0,0,0.0,,0.0,1.0
7,2020-01-07,China,41.0,0.0,2.0,1.0,1.0659999999999998,0,0.0,2.0,0.0,1.0
8,2020-01-08,China,41.0,0.0,2.0,1.0,1.0659999999999998,0,0.0,2.0,0.0,1.0
9,2020-01-09,China,42.0,1.0,1.0,1.024,1.033,0,0.0,1.0,0.0,1.0
10,2020-01-10,China,42.0,0.0,0.0,1.0,1.003,0,0.0,0.0,0.0,1.0
11,2020-01-11,China,44.0,2.0,0.0,1.048,1.01,0,0.0,0.0,0.0,1.0
12,2020-01-12,China,44.0,0.0,0.0,1.0,1.01,0,0.0,0.0,0.0,1.0
13,2020-01-13,China,44.0,0.0,0.0,1.0,1.01,0,0.0,0.0,0.0,1.0
14,2020-01-14,China,44.0,0.0,0.0,1.0,1.01,0,0.0,0.0,0.0,1.0
15,2020-01-15,China,44.0,0.0,0.0,1.0,1.01,50,50.0,0.0,0.0,1.0
16,2020-01-16,China,53.0,9.0,2.0,1.205,1.036,156,106.0,2.0,3.12,1.0
17,2020-01-17,China,62.0,9.0,3.0,1.17,1.06,290,134.0,3.0,1.859,1.0
18,2020-01-18,China,121.0,59.0,11.0,1.952,1.19,455,165.0,11.0,1.569,1.0
19,2020-01-19,China,198.0,77.0,22.0,1.636,1.28,661,206.0,22.0,1.453,1.143
20,2020-01-20,China,291.0,93.0,35.0,1.47,1.348,918,257.0,35.0,1.389,1.341
21,2020-01-21,China,440.0,149.0,57.0,1.5119999999999998,1.421,1235,317.0,57.0,1.345,1.534
22,2020-01-22,China,545.0,105.0,72.0,1.239,1.455,1629,394.0,72.0,1.319,1.722
23,2020-01-23,China,695.0,150.0,92.0,1.275,1.465,2114,485.0,92.0,1.298,1.462
24,2020-01-24,China,919.0,224.0,122.0,1.3219999999999998,1.4869999999999999,2713,599.0,122.0,1.283,1.379
25,2020-01-25,China,1414.0,495.0,185.0,1.5390000000000001,1.4280000000000002,3447,734.0,185.0,1.271,1.337
26,2020-01-26,China,2067.0,653.0,267.0,1.462,1.403,4344,897.0,267.0,1.26,1.309
27,2020-01-27,China,2863.0,796.0,367.0,1.385,1.391,5435,1091.0,367.0,1.251,1.29
28,2020-01-28,China,5496.0,2633.0,722.0,1.92,1.449,6753,1318.0,722.0,1.243,1.275
29,2020-01-29,China,6785.0,1289.0,891.0,1.235,1.4480000000000002,8334,1581.0,891.0,1.234,1.263
30,2020-01-30,China,8139.0,1354.0,1063.0,1.2,1.4380000000000002,10212,1878.0,1063.0,1.225,1.252
31,2020-01-31,China,9789.0,1650.0,1267.0,1.203,1.421,12420,2208.0,1267.0,1.216,1.243
32,2020-02-01,China,11876.0,2087.0,1495.0,1.213,1.374,14986,2566.0,1495.0,1.207,1.234
33,2020-02-02,China,16617.0,4741.0,2079.0,1.399,1.365,17924,2938.0,2079.0,1.196,1.225
34,2020-02-03,China,19716.0,3099.0,2408.0,1.186,1.337,21235,3311.0,2408.0,1.185,1.215
35,2020-02-04,China,23687.0,3971.0,2599.0,1.2009999999999998,1.234,24901,3666.0,2599.0,1.173,1.205
36,2020-02-05,China,27413.0,3726.0,2947.0,1.157,1.2229999999999999,28878,3977.0,2947.0,1.16,1.195
37,2020-02-06,China,30558.0,3145.0,3203.0,1.115,1.2109999999999999,33104,4226.0,3203.0,1.146,1.183
38,2020-02-07,China,34031.0,3473.0,3463.0,1.114,1.198,37493,4389.0,3463.0,1.133,1.171
39,2020-02-08,China,36938.0,2907.0,3580.0,1.085,1.18,41946,4453.0,3580.0,1.119,1.159
40,2020-02-09,China,39540.0,2602.0,3275.0,1.07,1.133,46360,4414.0,3275.0,1.105,1.146
41,2020-02-10,China,42051.0,2511.0,3191.0,1.064,1.115,50635,4275.0,3191.0,1.092,1.133
42,2020-02-11,China,43504.0,1453.0,2831.0,1.035,1.091,54682,4047.0,2831.0,1.08,1.119
43,2020-02-12,China,52075.0,8571.0,3523.0,1.197,1.097,58434,3752.0,3523.0,1.069,1.106
44,2020-02-13,China,59808.0,7733.0,4179.0,1.148,1.102,61846,3412.0,4179.0,1.058,1.094
45,2020-02-14,China,66260.0,6452.0,4604.0,1.1079999999999999,1.101,64892,3046.0,4604.0,1.049,1.082
46,2020-02-15,China,68364.0,2104.0,4489.0,1.032,1.093,67569,2677.0,4489.0,1.041,1.071
47,2020-02-16,China,70347.0,1983.0,4401.0,1.0290000000000001,1.088,69890,2321.0,4401.0,1.034,1.06
48,2020-02-17,China,72286.0,1939.0,4319.0,1.028,1.082,71878,1988.0,4319.0,1.028,1.051
49,2020-02-18,China,73446.0,1160.0,4277.0,1.016,1.08,73563,1685.0,4277.0,1.023,1.043
50,2020-02-19,China,74562.0,1116.0,3212.0,1.015,1.054,74978,1415.0,3212.0,1.019,1.036
51,2020-02-20,China,75003.0,441.0,2171.0,1.006,1.033,76159,1181.0,2171.0,1.016,1.03
52,2020-02-21,China,76059.0,1056.0,1400.0,1.014,1.02,77137,978.0,1400.0,1.013,1.025
53,2020-02-22,China,76199.0,140.0,1119.0,1.002,1.016,77944,807.0,1119.0,1.01,1.02
54,2020-02-23,China,77033.0,834.0,955.0,1.011,1.013,78607,663.0,955.0,1.009,1.017
55,2020-02-24,China,77295.0,262.0,716.0,1.003,1.01,79149,542.0,716.0,1.007,1.014
56,2020-02-25,China,77606.0,311.0,594.0,1.004,1.008,79592,443.0,594.0,1.006,1.011
57,2020-02-26,China,78076.0,470.0,502.0,1.006,1.0070000000000001,79952,360.0,502.0,1.005,1.009
58,2020-02-27,China,78440.0,364.0,491.0,1.005,1.006,80245,293.0,491.0,1.004,1.008
59,2020-02-28,China,78871.0,431.0,402.0,1.005,1.005,80483,238.0,402.0,1.003,1.006
60,2020-02-29,China,79322.0,451.0,446.0,1.006,1.006,80675,192.0,446.0,1.002,1.005
61,2020-03-01,China,79636.0,314.0,372.0,1.004,1.005,80831,156.0,372.0,1.002,1.004
62,2020-03-02,China,79986.0,350.0,384.0,1.004,1.005,80958,127.0,384.0,1.002,1.003
63,2020-03-03,China,80146.0,160.0,363.0,1.002,1.005,81060,102.0,363.0,1.001,1.003
64,2020-03-04,China,80283.0,137.0,315.0,1.002,1.004,81142,82.0,315.0,1.001,1.002
65,2020-03-05,China,80418.0,135.0,283.0,1.002,1.004,81209,67.0,283.0,1.001,1.002
66,2020-03-06,China,80544.0,126.0,239.0,1.002,1.003,81262,53.0,239.0,1.001,1.001
67,2020-03-07,China,80635.0,91.0,188.0,1.001,1.002,81306,44.0,188.0,1.001,1.001
68,2020-03-08,China,80693.0,58.0,151.0,1.001,1.002,81341,35.0,151.0,1.0,1.001
69,2020-03-09,China,80726.0,33.0,106.0,1.0,1.001,81369,28.0,106.0,1.0,1.001
70,2020-03-10,China,80758.0,32.0,87.0,1.0,1.001,81392,23.0,87.0,1.0,1.001
71,2020-03-11,China,80773.0,15.0,70.0,1.0,1.001,81410,18.0,70.0,1.0,1.0
72,2020-03-12,China,80792.0,19.0,53.0,1.0,1.001,81425,15.0,53.0,1.0,1.0
73,2020-03-13,China,80809.0,17.0,38.0,1.0,1.0,81437,12.0,38.0,1.0,1.0
74,2020-03-14,China,80824.0,15.0,27.0,1.0,1.0,81447,10.0,27.0,1.0,1.0
75,2020-03-15,China,80846.0,22.0,22.0,1.0,1.0,81454,7.0,22.0,1.0,1.0
76,2020-03-16,China,80862.0,16.0,19.0,1.0,1.0,81461,7.0,19.0,1.0,1.0
77,2020-03-17,China,80883.0,21.0,18.0,1.0,1.0,81466,5.0,18.0,1.0,1.0
78,2020-03-18,China,80904.0,21.0,19.0,1.0,1.0,81470,4.0,19.0,1.0,1.0
79,2020-03-19,China,80937.0,33.0,21.0,1.0,1.0,81473,3.0,21.0,1.0,1.0
80,2020-03-20,China,80969.0,32.0,23.0,1.0,1.0,81476,3.0,23.0,1.0,1.0
81,2020-03-21,China,81015.0,46.0,27.0,1.001,1.0,81478,2.0,27.0,1.0,1.0
82,2020-03-22,China,81061.0,46.0,31.0,1.001,1.0,81480,2.0,31.0,1.0,1.0
83,2020-03-23,China,81115.0,54.0,36.0,1.001,1.0,81481,1.0,36.0,1.0,1.0
84,2020-03-24,China,81164.0,49.0,40.0,1.001,1.001,81482,1.0,40.0,1.0,1.0
85,2020-03-25,China,81236.0,72.0,47.0,1.001,1.001,81483,1.0,47.0,1.0,1.0
86,2020-03-26,China,81282.0,46.0,49.0,1.001,1.001,81484,1.0,49.0,1.0,1.0
87,2020-03-27,China,81346.0,64.0,54.0,1.001,1.001,81484,0.0,54.0,1.0,1.0
88,2020-03-28,China,81389.0,43.0,53.0,1.001,1.001,81485,1.0,53.0,1.0,1.0
89,2020-03-29,China,81434.0,45.0,53.0,1.001,1.001,81485,0.0,53.0,1.0,1.0
90,2020-03-30,China,81481.0,47.0,52.0,1.001,1.001,81485,0.0,52.0,1.0,1.0
91,2020-03-31,China,81513.0,32.0,50.0,1.0,1.001,81486,1.0,50.0,1.0,1.0
92,2020-04-01,China,81552.0,39.0,45.0,1.0,1.001,81486,0.0,45.0,1.0,1.0
93,2020-04-02,China,81585.0,33.0,43.0,1.0,1.001,81486,0.0,43.0,1.0,1.0
94,2020-04-03,China,81608.0,23.0,37.0,1.0,1.0,81486,0.0,37.0,1.0,1.0
95,2020-04-04,China,81640.0,32.0,36.0,1.0,1.0,81486,0.0,36.0,1.0,1.0
96,2020-04-05,China,81669.0,29.0,34.0,1.0,1.0,81486,0.0,34.0,1.0,1.0
97,2020-04-06,China,81701.0,32.0,31.0,1.0,1.0,81486,0.0,31.0,1.0,1.0
98,2020-04-07,China,81752.0,51.0,34.0,1.001,1.0,81486,0.0,34.0,1.0,1.0
99,2020-04-08,China,81811.0,59.0,37.0,1.001,1.0,81487,1.0,37.0,1.0,1.0
100,2020-04-09,China,81853.0,42.0,38.0,1.001,1.0,81487,0.0,38.0,1.0,1.0
101,2020-04-10,China,81913.0,60.0,44.0,1.001,1.001,81487,0.0,44.0,1.0,1.0
102,2020-04-11,China,81990.0,77.0,50.0,1.001,1.001,81487,0.0,50.0,1.0,1.0
103,2020-04-12,China,82077.0,87.0,58.0,1.001,1.001,81487,0.0,58.0,1.0,1.0
104,2020-04-13,China,82164.0,87.0,66.0,1.001,1.001,81487,0.0,66.0,1.0,1.0
105,2020-04-14,China,82223.0,59.0,67.0,1.001,1.001,81487,0.0,67.0,1.0,1.0
106,2020-04-15,China,82292.0,69.0,69.0,1.001,1.001,81487,0.0,69.0,1.0,1.0
107,2020-04-16,China,82489.0,197.0,91.0,1.002,1.001,81487,0.0,91.0,1.0,1.0
108,2020-04-17,China,82526.0,37.0,88.0,1.0,1.001,81487,0.0,88.0,1.0,1.0
109,2020-04-18,China,82712.0,186.0,103.0,1.002,1.001,81487,0.0,103.0,1.0,1.0
110,2020-04-19,China,82731.0,19.0,93.0,1.0,1.001,81487,0.0,93.0,1.0,1.0
111,2020-04-20,China,82755.0,24.0,84.0,1.0,1.001,81487,0.0,84.0,1.0,1.0
112,2020-04-21,China,82767.0,12.0,78.0,1.0,1.001,81487,0.0,78.0,1.0,1.0
113,2020-04-22,China,82790.0,23.0,71.0,1.0,1.001,81487,0.0,71.0,1.0,1.0
114,2020-04-23,China,82801.0,11.0,45.0,1.0,1.0,81487,0.0,45.0,1.0,1.0
115,2020-04-24,China,82812.0,11.0,41.0,1.0,1.0,81487,0.0,41.0,1.0,1.0
116,2020-04-25,China,82823.0,11.0,16.0,1.0,1.0,81487,0.0,16.0,1.0,1.0
117,2020-04-26,China,82830.0,7.0,14.0,1.0,1.0,81487,0.0,14.0,1.0,1.0
118,2020-04-27,China,,,,,,81487,0.0,-181.0,1.0,1.0
119,2020-04-28,China,,,,,,81487,0.0,-183.0,1.0,1.0
120,2020-04-29,China,,,,,,81487,0.0,-186.0,1.0,1.0
121,2020-04-30,China,,,,,,81487,0.0,-188.0,1.0,1.0
122,2020-05-01,China,,,,,,81487,0.0,-189.0,1.0,1.0
123,2020-05-02,China,,,,,,81487,0.0,-191.0,1.0,1.0
124,2020-05-03,China,,,,,,81487,0.0,-192.0,1.0,1.0
125,2020-05-04,China,,,,,,81487,0.0,0.0,1.0,1.0
126,2020-05-05,China,,,,,,81487,0.0,0.0,1.0,1.0
127,2020-05-06,China,,,,,,81487,0.0,0.0,1.0,1.0
128,2020-05-07,China,,,,,,81487,0.0,0.0,1.0,1.0
129,2020-05-08,China,,,,,,81487,0.0,0.0,1.0,1.0
130,2020-05-09,China,,,,,,81487,0.0,0.0,1.0,1.0
131,2020-05-10,China,,,,,,81487,0.0,0.0,1.0,1.0
132,2020-05-11,China,,,,,,81487,0.0,0.0,1.0,1.0
133,2020-05-12,China,,,,,,81487,0.0,0.0,1.0,1.0
134,2020-05-13,China,,,,,,81487,0.0,0.0,1.0,1.0
135,2020-05-14,China,,,,,,81487,0.0,0.0,1.0,1.0
136,2020-05-15,China,,,,,,81487,0.0,0.0,1.0,1.0
137,2020-05-16,China,,,,,,81487,0.0,0.0,1.0,1.0
138,2020-05-17,China,,,,,,81487,0.0,0.0,1.0,1.0
139,2020-05-18,China,,,,,,81487,0.0,0.0,1.0,1.0
140,2020-05-19,China,,,,,,81487,0.0,0.0,1.0,1.0
141,2020-05-20,China,,,,,,81487,0.0,0.0,1.0,1.0
142,2020-05-21,China,,,,,,81487,0.0,0.0,1.0,1.0
143,2020-05-22,China,,,,,,81487,0.0,0.0,1.0,1.0
144,2020-05-23,China,,,,,,81487,0.0,0.0,1.0,1.0
145,2020-05-24,China,,,,,,81487,0.0,0.0,1.0,1.0
146,2020-05-25,China,,,,,,81487,0.0,0.0,1.0,1.0
147,2020-05-26,China,,,,,,81487,0.0,0.0,1.0,1.0
