,date,country,confirmed,new_confirmed,new_conf_avg_7,growth,growth_avg_7,predict,new_predict,new_pred_avg_7,p_growth,p_gr_avg_7
0,2020-01-24,France,2.0,2.0,,0.0,1.0,,,,,
1,2020-01-25,France,3.0,1.0,,1.5,1.0,,,,,
2,2020-01-26,France,3.0,0.0,,1.0,1.0,,,,,
3,2020-01-27,France,3.0,0.0,,1.0,1.0,,,,,
4,2020-01-28,France,4.0,1.0,,1.3330000000000002,1.0,,,,,
5,2020-01-29,France,5.0,1.0,,1.25,1.0170000000000001,,,,,
6,2020-01-30,France,5.0,0.0,1.0,1.0,1.012,,,,,
7,2020-01-31,France,5.0,0.0,0.0,1.0,1.155,,,0.0,,
8,2020-02-01,France,6.0,1.0,0.0,1.2,1.112,,,0.0,,
9,2020-02-02,France,6.0,0.0,0.0,1.0,1.112,,,0.0,,
10,2020-02-03,France,6.0,0.0,0.0,1.0,1.112,,,0.0,,
11,2020-02-04,France,6.0,0.0,0.0,1.0,1.064,,,0.0,,
12,2020-02-05,France,6.0,0.0,0.0,1.0,1.0290000000000001,,,0.0,,
13,2020-02-06,France,6.0,0.0,0.0,1.0,1.0290000000000001,,,0.0,,
14,2020-02-07,France,8.0,2.0,0.0,1.3330000000000002,1.0759999999999998,,,0.0,,
15,2020-02-08,France,11.0,3.0,1.0,1.375,1.101,,,1.0,,
16,2020-02-09,France,11.0,0.0,1.0,1.0,1.101,,,1.0,,
17,2020-02-10,France,11.0,0.0,1.0,1.0,1.101,,,1.0,,
18,2020-02-11,France,11.0,0.0,1.0,1.0,1.101,,,1.0,,
19,2020-02-12,France,11.0,0.0,1.0,1.0,1.101,,,1.0,,
20,2020-02-13,France,11.0,0.0,1.0,1.0,1.101,,,1.0,,
21,2020-02-14,France,11.0,0.0,0.0,1.0,1.054,,,0.0,,
22,2020-02-15,France,11.0,0.0,0.0,1.0,1.0,,,0.0,,
23,2020-02-16,France,12.0,1.0,0.0,1.091,1.013,,,0.0,,
24,2020-02-17,France,12.0,0.0,0.0,1.0,1.013,,,0.0,,
25,2020-02-18,France,12.0,0.0,0.0,1.0,1.013,,,0.0,,
26,2020-02-19,France,12.0,0.0,0.0,1.0,1.013,,,0.0,,
27,2020-02-20,France,12.0,0.0,0.0,1.0,1.013,,,0.0,,
28,2020-02-21,France,12.0,0.0,0.0,1.0,1.013,,,0.0,,
29,2020-02-22,France,12.0,0.0,0.0,1.0,1.013,,,0.0,,
30,2020-02-23,France,12.0,0.0,0.0,1.0,1.0,,,0.0,,
31,2020-02-24,France,13.0,1.0,0.0,1.083,1.012,,,0.0,,
32,2020-02-25,France,14.0,1.0,0.0,1.077,1.023,,,0.0,,
33,2020-02-26,France,18.0,4.0,1.0,1.286,1.064,,,1.0,,
34,2020-02-27,France,38.0,20.0,4.0,2.1109999999999998,1.222,,,4.0,,
35,2020-02-28,France,57.0,19.0,6.0,1.5,1.294,,,6.0,,
36,2020-02-29,France,100.0,43.0,13.0,1.754,1.402,,,13.0,,
37,2020-03-01,France,130.0,30.0,17.0,1.3,1.444,,,17.0,,
38,2020-03-02,France,191.0,61.0,25.0,1.469,1.5,,,25.0,,
39,2020-03-03,France,238.0,47.0,32.0,1.246,1.524,,,32.0,,
40,2020-03-04,France,285.0,47.0,38.0,1.197,1.511,,,38.0,,
41,2020-03-05,France,377.0,92.0,48.0,1.3230000000000002,1.3980000000000001,,,48.0,,
42,2020-03-06,France,653.0,276.0,85.0,1.732,1.432,,,85.0,,
43,2020-03-07,France,949.0,296.0,121.0,1.453,1.389,,,121.0,,
44,2020-03-08,France,1126.0,177.0,142.0,1.187,1.3719999999999999,,,142.0,,
45,2020-03-09,France,1455.0,329.0,181.0,1.2919999999999998,1.347,,,181.0,,
46,2020-03-10,France,1784.0,329.0,221.0,1.226,1.344,,,221.0,,
47,2020-03-11,France,2284.0,499.0,285.0,1.28,1.3559999999999999,,,286.0,,
48,2020-03-12,France,2974.0,690.0,371.0,1.3019999999999998,1.3530000000000002,21012.0,,371.0,,
49,2020-03-13,France,3667.0,693.0,430.0,1.2329999999999999,1.2819999999999998,21392.0,380.0,431.0,1.018,
50,2020-03-14,France,4481.0,809.0,504.0,1.222,1.249,21842.0,450.0,505.0,1.021,
51,2020-03-15,France,5566.0,1085.0,633.0,1.242,1.2570000000000001,22374.0,532.0,634.0,1.024,
52,2020-03-16,France,6655.0,1086.0,742.0,1.196,1.2429999999999999,23002.0,628.0,743.0,1.028,
53,2020-03-17,France,7694.0,1028.0,841.0,1.156,1.2329999999999999,23742.0,740.0,844.0,1.032,
54,2020-03-18,France,9086.0,1373.0,966.0,1.181,1.219,24614.0,872.0,972.0,1.037,
55,2020-03-19,France,10892.0,1806.0,1126.0,1.199,1.204,25638.0,1024.0,1131.0,1.042,1.029
56,2020-03-20,France,12693.0,1754.0,1277.0,1.165,1.194,26839.0,1201.0,1289.0,1.047,1.033
57,2020-03-21,France,14415.0,1688.0,1403.0,1.136,1.182,28243.0,1404.0,1419.0,1.052,1.037
58,2020-03-22,France,16175.0,1744.0,1497.0,1.122,1.165,29879.0,1636.0,1516.0,1.058,1.042
59,2020-03-23,France,20125.0,3908.0,1900.0,1.244,1.172,31780.0,1901.0,1924.0,1.064,1.047
60,2020-03-24,France,22630.0,2505.0,2111.0,1.124,1.167,33977.0,2197.0,2134.0,1.069,1.053
61,2020-03-25,France,25602.0,2972.0,2340.0,1.131,1.16,36503.0,2526.0,2359.0,1.074,1.058
62,2020-03-26,France,29566.0,3964.0,2648.0,1.155,1.1540000000000001,39390.0,2887.0,2668.0,1.079,1.063
63,2020-03-27,France,33429.0,3863.0,2949.0,1.131,1.149,42664.0,3274.0,2962.0,1.083,1.068
64,2020-03-28,France,38105.0,4676.0,3376.0,1.14,1.15,46344.0,3680.0,3384.0,1.086,1.073
65,2020-03-29,France,41635.0,3530.0,3631.0,1.093,1.145,50438.0,4094.0,3637.0,1.088,1.078
66,2020-03-30,France,46792.0,5157.0,3810.0,1.124,1.128,54934.0,4496.0,3810.0,1.089,1.081
67,2020-03-31,France,52836.0,6044.0,4315.0,1.129,1.129,59799.0,4865.0,4315.0,1.089,1.084
68,2020-04-01,France,56384.0,3548.0,4397.0,1.067,1.12,64971.0,5172.0,4397.0,1.086,1.086
69,2020-04-02,France,61484.0,5100.0,4560.0,1.09,1.111,70354.0,5383.0,4560.0,1.083,1.086
70,2020-04-03,France,75388.0,13904.0,5994.0,1.226,1.124,75818.0,5464.0,5994.0,1.078,1.086
71,2020-04-04,France,90850.0,15462.0,7535.0,1.205,1.133,81203.0,5385.0,7535.0,1.071,1.083
72,2020-04-05,France,94907.0,4057.0,7610.0,1.045,1.127,86325.0,5122.0,7610.0,1.063,1.08
73,2020-04-06,France,101924.0,7017.0,7876.0,1.074,1.119,90997.0,4672.0,7876.0,1.054,1.075
74,2020-04-07,France,110061.0,8137.0,8175.0,1.08,1.112,95054.0,4057.0,8175.0,1.045,1.069
75,2020-04-08,France,114422.0,4361.0,8291.0,1.04,1.109,98374.0,3320.0,8291.0,1.035,1.061
76,2020-04-09,France,119944.0,5522.0,8351.0,1.048,1.103,100910.0,2536.0,8351.0,1.026,1.053
77,2020-04-10,France,124753.0,4809.0,7052.0,1.04,1.0759999999999998,102693.0,1783.0,7052.0,1.018,1.045
78,2020-04-11,France,129799.0,5046.0,5564.0,1.04,1.052,103831.0,1138.0,5564.0,1.011,1.036
79,2020-04-12,France,133670.0,3871.0,5538.0,1.03,1.05,104478.0,647.0,5538.0,1.006,1.028
80,2020-04-13,France,,,,,,104799.0,321.0,411.0,1.003,1.021
81,2020-04-14,France,,,,,,104935.0,136.0,-732.0,1.001,1.014
82,2020-04-15,France,,,,,,104983.0,48.0,-1348.0,1.0,1.009
83,2020-04-16,France,,,,,,104996.0,13.0,-2135.0,1.0,1.006
84,2020-04-17,France,,,,,,104999.0,3.0,-2822.0,1.0,1.003
85,2020-04-18,France,,,,,,104999.0,0.0,-3543.0,1.0,1.001
86,2020-04-19,France,,,,,,104999.0,0.0,-4096.0,1.0,1.001
87,2020-04-20,France,,,,,,104999.0,0.0,29.0,1.0,1.0
88,2020-04-21,France,,,,,,104999.0,0.0,9.0,1.0,1.0
89,2020-04-22,France,,,,,,104999.0,0.0,2.0,1.0,1.0
90,2020-04-23,France,,,,,,104999.0,0.0,0.0,1.0,1.0
91,2020-04-24,France,,,,,,105000.0,1.0,0.0,1.0,1.0
92,2020-04-25,France,,,,,,105000.0,0.0,0.0,1.0,1.0
93,2020-04-26,France,,,,,,105000.0,0.0,0.0,1.0,1.0
94,2020-04-27,France,,,,,,105000.0,0.0,0.0,1.0,1.0
95,2020-04-28,France,,,,,,105000.0,0.0,0.0,1.0,1.0
96,2020-04-29,France,,,,,,105000.0,0.0,0.0,1.0,1.0
97,2020-04-30,France,,,,,,105000.0,0.0,0.0,1.0,1.0
98,2020-05-01,France,,,,,,105000.0,0.0,0.0,1.0,1.0
99,2020-05-02,France,,,,,,105000.0,0.0,0.0,1.0,1.0
100,2020-05-03,France,,,,,,105000.0,0.0,0.0,1.0,1.0
101,2020-05-04,France,,,,,,105000.0,0.0,0.0,1.0,1.0
102,2020-05-05,France,,,,,,105000.0,0.0,0.0,1.0,1.0
103,2020-05-06,France,,,,,,105000.0,0.0,0.0,1.0,1.0
104,2020-05-07,France,,,,,,105000.0,0.0,0.0,1.0,1.0
105,2020-05-08,France,,,,,,105000.0,0.0,0.0,1.0,1.0
106,2020-05-09,France,,,,,,105000.0,0.0,0.0,1.0,1.0
107,2020-05-10,France,,,,,,105000.0,0.0,0.0,1.0,1.0
108,2020-05-11,France,,,,,,105000.0,0.0,0.0,1.0,1.0
109,2020-05-12,France,,,,,,105000.0,0.0,0.0,1.0,1.0
110,2020-05-13,France,,,,,,105000.0,0.0,0.0,1.0,1.0
111,2020-05-14,France,,,,,,105000.0,0.0,0.0,1.0,1.0
112,2020-05-15,France,,,,,,105000.0,0.0,0.0,1.0,1.0
113,2020-05-16,France,,,,,,105000.0,0.0,0.0,1.0,1.0
114,2020-05-17,France,,,,,,105000.0,0.0,0.0,1.0,1.0
115,2020-05-18,France,,,,,,105000.0,0.0,0.0,1.0,1.0
116,2020-05-19,France,,,,,,105000.0,0.0,0.0,1.0,1.0
117,2020-05-20,France,,,,,,105000.0,0.0,0.0,1.0,1.0
118,2020-05-21,France,,,,,,105000.0,0.0,0.0,1.0,1.0
119,2020-05-22,France,,,,,,105000.0,0.0,0.0,1.0,1.0
120,2020-05-23,France,,,,,,105000.0,0.0,0.0,1.0,1.0
121,2020-05-24,France,,,,,,105000.0,0.0,0.0,1.0,1.0
122,2020-05-25,France,,,,,,105000.0,0.0,0.0,1.0,1.0
123,2020-05-26,France,,,,,,105000.0,0.0,0.0,1.0,1.0
124,2020-05-27,France,,,,,,105000.0,0.0,0.0,1.0,1.0
125,2020-05-28,France,,,,,,105000.0,0.0,0.0,1.0,1.0
126,2020-05-29,France,,,,,,105000.0,0.0,0.0,1.0,1.0
127,2020-05-30,France,,,,,,105000.0,0.0,0.0,1.0,1.0
128,2020-05-31,France,,,,,,105000.0,0.0,0.0,1.0,1.0
129,2020-06-01,France,,,,,,105000.0,0.0,0.0,1.0,1.0
130,2020-06-02,France,,,,,,105000.0,0.0,0.0,1.0,1.0
131,2020-06-03,France,,,,,,105000.0,0.0,0.0,1.0,1.0
132,2020-06-04,France,,,,,,105000.0,0.0,0.0,1.0,1.0
133,2020-06-05,France,,,,,,105000.0,0.0,0.0,1.0,1.0
134,2020-06-06,France,,,,,,105000.0,0.0,0.0,1.0,1.0
135,2020-06-07,France,,,,,,105000.0,0.0,0.0,1.0,1.0
136,2020-06-08,France,,,,,,105000.0,0.0,0.0,1.0,1.0
137,2020-06-09,France,,,,,,105000.0,0.0,0.0,1.0,1.0
138,2020-06-10,France,,,,,,105000.0,0.0,0.0,1.0,1.0
139,2020-06-11,France,,,,,,105000.0,0.0,0.0,1.0,1.0
140,2020-06-12,France,,,,,,105000.0,0.0,0.0,1.0,1.0
141,2020-06-13,France,,,,,,105000.0,0.0,0.0,1.0,1.0
142,2020-06-14,France,,,,,,105000.0,0.0,0.0,1.0,1.0
143,2020-06-15,France,,,,,,105000.0,0.0,0.0,1.0,1.0
144,2020-06-16,France,,,,,,105000.0,0.0,0.0,1.0,1.0
145,2020-06-17,France,,,,,,105000.0,0.0,0.0,1.0,1.0
146,2020-06-18,France,,,,,,105000.0,0.0,0.0,1.0,1.0
147,2020-06-19,France,,,,,,105000.0,0.0,0.0,1.0,1.0
148,2020-06-20,France,,,,,,105000.0,0.0,0.0,1.0,1.0
149,2020-06-21,France,,,,,,105000.0,0.0,0.0,1.0,1.0
150,2020-06-22,France,,,,,,105000.0,0.0,0.0,1.0,1.0
151,2020-06-23,France,,,,,,105000.0,0.0,0.0,1.0,1.0
152,2020-06-24,France,,,,,,105000.0,0.0,0.0,1.0,1.0
153,2020-06-25,France,,,,,,105000.0,0.0,0.0,1.0,1.0
154,2020-06-26,France,,,,,,105000.0,0.0,0.0,1.0,1.0
155,2020-06-27,France,,,,,,105000.0,0.0,0.0,1.0,1.0
156,2020-06-28,France,,,,,,105000.0,0.0,0.0,1.0,1.0
157,2020-06-29,France,,,,,,105000.0,0.0,0.0,1.0,1.0
158,2020-06-30,France,,,,,,105000.0,0.0,0.0,1.0,1.0
159,2020-07-01,France,,,,,,105000.0,0.0,0.0,1.0,1.0
160,2020-07-02,France,,,,,,105000.0,0.0,0.0,1.0,1.0
161,2020-07-03,France,,,,,,105000.0,0.0,0.0,1.0,1.0
162,2020-07-04,France,,,,,,105000.0,0.0,0.0,1.0,1.0
163,2020-07-05,France,,,,,,105000.0,0.0,0.0,1.0,1.0
164,2020-07-06,France,,,,,,105000.0,0.0,0.0,1.0,1.0
165,2020-07-07,France,,,,,,105000.0,0.0,0.0,1.0,1.0
166,2020-07-08,France,,,,,,105000.0,0.0,0.0,1.0,1.0
167,2020-07-09,France,,,,,,105000.0,0.0,0.0,1.0,1.0
168,2020-07-10,France,,,,,,105000.0,0.0,0.0,1.0,1.0
169,2020-07-11,France,,,,,,105000.0,0.0,0.0,1.0,1.0
170,2020-07-12,France,,,,,,105000.0,0.0,0.0,1.0,1.0
171,2020-07-13,France,,,,,,105000.0,0.0,0.0,1.0,1.0
172,2020-07-14,France,,,,,,105000.0,0.0,0.0,1.0,1.0
173,2020-07-15,France,,,,,,105000.0,0.0,0.0,1.0,1.0
174,2020-07-16,France,,,,,,105000.0,0.0,0.0,1.0,1.0
175,2020-07-17,France,,,,,,105000.0,0.0,0.0,1.0,1.0
176,2020-07-18,France,,,,,,105000.0,0.0,0.0,1.0,1.0
177,2020-07-19,France,,,,,,105000.0,0.0,0.0,1.0,1.0
