,date,country,confirmed,new_confirmed,new_conf_avg_7,growth,growth_avg_7,predict,new_predict,new_pred_avg_7,p_growth,p_gr_avg_7
0,2020-01-31,Sweden,1.0,1.0,,0.0,1.0,0,,,1.0,
1,2020-02-01,Sweden,1.0,0.0,,1.0,1.0,0,0.0,,0.0,
2,2020-02-02,Sweden,1.0,0.0,,1.0,1.0,0,0.0,,0.0,
3,2020-02-03,Sweden,1.0,0.0,,1.0,1.0,0,0.0,,0.0,
4,2020-02-04,Sweden,1.0,0.0,,1.0,1.0,0,0.0,,0.0,
5,2020-02-05,Sweden,1.0,0.0,,1.0,1.0,0,0.0,,0.0,
6,2020-02-06,Sweden,1.0,0.0,0.0,1.0,1.0,0,0.0,,0.0,1.0
7,2020-02-07,Sweden,1.0,0.0,0.0,1.0,1.0,0,0.0,0.0,0.0,1.0
8,2020-02-08,Sweden,1.0,0.0,0.0,1.0,1.0,0,0.0,0.0,0.0,1.0
9,2020-02-09,Sweden,1.0,0.0,0.0,1.0,1.0,0,0.0,0.0,0.0,1.0
10,2020-02-10,Sweden,1.0,0.0,0.0,1.0,1.0,0,0.0,0.0,0.0,1.0
11,2020-02-11,Sweden,1.0,0.0,0.0,1.0,1.0,0,0.0,0.0,0.0,1.0
12,2020-02-12,Sweden,1.0,0.0,0.0,1.0,1.0,0,0.0,0.0,0.0,1.0
13,2020-02-13,Sweden,1.0,0.0,0.0,1.0,1.0,0,0.0,0.0,0.0,1.0
14,2020-02-14,Sweden,1.0,0.0,0.0,1.0,1.0,0,0.0,0.0,0.0,1.0
15,2020-02-15,Sweden,1.0,0.0,0.0,1.0,1.0,0,0.0,0.0,0.0,1.0
16,2020-02-16,Sweden,1.0,0.0,0.0,1.0,1.0,0,0.0,0.0,0.0,1.0
17,2020-02-17,Sweden,1.0,0.0,0.0,1.0,1.0,0,0.0,0.0,0.0,1.0
18,2020-02-18,Sweden,1.0,0.0,0.0,1.0,1.0,0,0.0,0.0,0.0,1.0
19,2020-02-19,Sweden,1.0,0.0,0.0,1.0,1.0,0,0.0,0.0,0.0,1.0
20,2020-02-20,Sweden,1.0,0.0,0.0,1.0,1.0,0,0.0,0.0,0.0,1.0
21,2020-02-21,Sweden,1.0,0.0,0.0,1.0,1.0,3,3.0,0.0,0.0,1.0
22,2020-02-22,Sweden,1.0,0.0,0.0,1.0,1.0,7,4.0,0.0,2.333,1.0
23,2020-02-23,Sweden,1.0,0.0,0.0,1.0,1.0,12,5.0,0.0,1.714,1.0
24,2020-02-24,Sweden,1.0,0.0,0.0,1.0,1.0,18,6.0,0.0,1.5,1.0
25,2020-02-25,Sweden,1.0,0.0,0.0,1.0,1.0,25,7.0,0.0,1.389,1.0
26,2020-02-26,Sweden,2.0,1.0,0.0,2.0,1.143,34,9.0,0.0,1.36,1.185
27,2020-02-27,Sweden,7.0,5.0,1.0,3.5,1.5,44,10.0,1.0,1.294,1.37
28,2020-02-28,Sweden,9.0,2.0,1.0,1.286,1.541,57,13.0,1.0,1.295,1.555
29,2020-02-29,Sweden,12.0,3.0,2.0,1.3330000000000002,1.588,71,14.0,2.0,1.246,1.4
30,2020-03-01,Sweden,14.0,2.0,2.0,1.167,1.6119999999999999,89,18.0,2.0,1.254,1.334
31,2020-03-02,Sweden,17.0,3.0,2.0,1.214,1.643,110,21.0,2.0,1.236,1.296
32,2020-03-03,Sweden,21.0,4.0,3.0,1.235,1.676,134,24.0,3.0,1.218,1.272
33,2020-03-04,Sweden,35.0,14.0,5.0,1.6669999999999998,1.629,163,29.0,5.0,1.216,1.251
34,2020-03-05,Sweden,94.0,59.0,12.0,2.6860000000000004,1.5130000000000001,196,33.0,12.0,1.202,1.238
35,2020-03-06,Sweden,127.0,33.0,17.0,1.351,1.5219999999999998,235,39.0,17.0,1.199,1.224
36,2020-03-07,Sweden,161.0,34.0,21.0,1.268,1.5130000000000001,279,44.0,21.0,1.187,1.216
37,2020-03-08,Sweden,203.0,42.0,27.0,1.261,1.526,330,51.0,27.0,1.183,1.206
38,2020-03-09,Sweden,248.0,45.0,33.0,1.222,1.527,389,59.0,33.0,1.179,1.198
39,2020-03-10,Sweden,355.0,107.0,48.0,1.431,1.555,455,66.0,48.0,1.17,1.191
40,2020-03-11,Sweden,500.0,145.0,66.0,1.4080000000000001,1.518,531,76.0,66.0,1.167,1.184
41,2020-03-12,Sweden,599.0,99.0,72.0,1.198,1.306,616,85.0,72.0,1.16,1.178
42,2020-03-13,Sweden,814.0,215.0,98.0,1.359,1.307,712,96.0,98.0,1.156,1.172
43,2020-03-14,Sweden,961.0,147.0,114.0,1.181,1.294,819,107.0,114.0,1.15,1.166
44,2020-03-15,Sweden,1032.0,71.0,118.0,1.074,1.268,938,119.0,118.0,1.145,1.161
45,2020-03-16,Sweden,1106.0,74.0,123.0,1.072,1.246,1070,132.0,123.0,1.141,1.156
46,2020-03-17,Sweden,1191.0,85.0,119.0,1.077,1.196,1216,146.0,119.0,1.136,1.151
47,2020-03-18,Sweden,1314.0,123.0,116.0,1.103,1.1520000000000001,1377,161.0,116.0,1.132,1.146
48,2020-03-19,Sweden,1439.0,125.0,120.0,1.095,1.137,1553,176.0,120.0,1.128,1.141
49,2020-03-20,Sweden,1639.0,200.0,118.0,1.139,1.1059999999999999,1746,193.0,118.0,1.124,1.137
50,2020-03-21,Sweden,1786.0,147.0,118.0,1.09,1.093,1955,209.0,118.0,1.12,1.132
51,2020-03-22,Sweden,1904.0,118.0,125.0,1.0659999999999998,1.092,2181,226.0,125.0,1.116,1.128
52,2020-03-23,Sweden,2110.0,206.0,143.0,1.1079999999999999,1.097,2425,244.0,143.0,1.112,1.124
53,2020-03-24,Sweden,2286.0,176.0,156.0,1.083,1.0979999999999999,2688,263.0,156.0,1.108,1.12
54,2020-03-25,Sweden,2563.0,277.0,178.0,1.121,1.1,2969,281.0,178.0,1.105,1.116
55,2020-03-26,Sweden,2840.0,277.0,200.0,1.1079999999999999,1.102,3269,300.0,200.0,1.101,1.112
56,2020-03-27,Sweden,3143.0,303.0,215.0,1.107,1.0979999999999999,3588,319.0,215.0,1.098,1.109
57,2020-03-28,Sweden,3447.0,304.0,237.0,1.097,1.099,3926,338.0,237.0,1.094,1.105
58,2020-03-29,Sweden,3737.0,290.0,262.0,1.084,1.101,4283,357.0,262.0,1.091,1.101
59,2020-03-30,Sweden,4067.0,330.0,280.0,1.088,1.0979999999999999,4659,376.0,280.0,1.088,1.098
60,2020-03-31,Sweden,4487.0,420.0,314.0,1.103,1.101,5052,393.0,314.0,1.084,1.094
61,2020-04-01,Sweden,4947.0,460.0,341.0,1.103,1.099,5464,412.0,341.0,1.082,1.091
62,2020-04-02,Sweden,5568.0,621.0,390.0,1.126,1.101,5894,430.0,390.0,1.079,1.088
63,2020-04-03,Sweden,6005.0,437.0,409.0,1.078,1.097,6340,446.0,409.0,1.076,1.085
64,2020-04-04,Sweden,6480.0,475.0,433.0,1.079,1.094,6803,463.0,433.0,1.073,1.082
65,2020-04-05,Sweden,6824.0,344.0,441.0,1.053,1.09,7280,477.0,441.0,1.07,1.079
66,2020-04-06,Sweden,7261.0,437.0,456.0,1.064,1.087,7773,493.0,456.0,1.068,1.076
67,2020-04-07,Sweden,7812.0,551.0,475.0,1.0759999999999998,1.083,8279,506.0,475.0,1.065,1.073
68,2020-04-08,Sweden,8417.0,605.0,496.0,1.077,1.079,8797,518.0,496.0,1.063,1.071
69,2020-04-09,Sweden,9052.0,635.0,498.0,1.075,1.072,9327,530.0,498.0,1.06,1.068
70,2020-04-10,Sweden,9646.0,594.0,520.0,1.0659999999999998,1.07,9868,541.0,520.0,1.058,1.065
71,2020-04-11,Sweden,10084.0,438.0,515.0,1.045,1.065,10418,550.0,515.0,1.056,1.063
72,2020-04-12,Sweden,10549.0,465.0,532.0,1.046,1.064,10976,558.0,532.0,1.054,1.061
73,2020-04-13,Sweden,10964.0,415.0,529.0,1.0390000000000001,1.061,11541,565.0,529.0,1.051,1.058
74,2020-04-14,Sweden,11437.0,473.0,518.0,1.043,1.056,12112,571.0,518.0,1.049,1.056
75,2020-04-15,Sweden,11992.0,555.0,511.0,1.0490000000000002,1.052,12687,575.0,511.0,1.047,1.054
76,2020-04-16,Sweden,12571.0,579.0,503.0,1.048,1.048,13267,580.0,503.0,1.046,1.052
77,2020-04-17,Sweden,13181.0,610.0,505.0,1.0490000000000002,1.046,13848,581.0,505.0,1.044,1.05
78,2020-04-18,Sweden,13800.0,619.0,531.0,1.047,1.046,14431,583.0,531.0,1.042,1.048
79,2020-04-19,Sweden,14299.0,499.0,536.0,1.036,1.044,15014,583.0,536.0,1.04,1.046
80,2020-04-20,Sweden,14853.0,554.0,556.0,1.0390000000000001,1.044,15597,583.0,556.0,1.039,1.044
81,2020-04-21,Sweden,15390.0,537.0,565.0,1.036,1.043,16177,580.0,565.0,1.037,1.042
82,2020-04-22,Sweden,16038.0,648.0,578.0,1.042,1.042,16755,578.0,578.0,1.036,1.041
83,2020-04-23,Sweden,16785.0,747.0,602.0,1.047,1.042,17329,574.0,602.0,1.034,1.039
84,2020-04-24,Sweden,17466.0,681.0,612.0,1.041,1.041,17898,569.0,612.0,1.033,1.037
85,2020-04-25,Sweden,18177.0,711.0,625.0,1.041,1.04,18462,564.0,625.0,1.032,1.036
86,2020-04-26,Sweden,,,,,,19020,558.0,674.0,1.03,1.034
87,2020-04-27,Sweden,,,,,,19571,551.0,674.0,1.029,1.033
88,2020-04-28,Sweden,,,,,,20115,544.0,675.0,1.028,1.032
89,2020-04-29,Sweden,,,,,,20650,535.0,659.0,1.027,1.03
90,2020-04-30,Sweden,,,,,,21177,527.0,627.0,1.026,1.029
91,2020-05-01,Sweden,,,,,,21695,518.0,604.0,1.024,1.028
92,2020-05-02,Sweden,,,,,,22204,509.0,575.0,1.023,1.027
93,2020-05-03,Sweden,,,,,,22702,498.0,526.0,1.022,1.026
94,2020-05-04,Sweden,,,,,,23190,488.0,517.0,1.021,1.024
95,2020-05-05,Sweden,,,,,,23668,478.0,508.0,1.021,1.023
96,2020-05-06,Sweden,,,,,,24135,467.0,498.0,1.02,1.022
97,2020-05-07,Sweden,,,,,,24591,456.0,488.0,1.019,1.021
98,2020-05-08,Sweden,,,,,,25036,445.0,477.0,1.018,1.021
99,2020-05-09,Sweden,,,,,,25470,434.0,467.0,1.017,1.02
100,2020-05-10,Sweden,,,,,,25893,423.0,456.0,1.017,1.019
101,2020-05-11,Sweden,,,,,,26304,411.0,445.0,1.016,1.018
102,2020-05-12,Sweden,,,,,,26705,401.0,434.0,1.015,1.017
103,2020-05-13,Sweden,,,,,,27093,388.0,423.0,1.015,1.017
104,2020-05-14,Sweden,,,,,,27471,378.0,411.0,1.014,1.016
105,2020-05-15,Sweden,,,,,,27837,366.0,400.0,1.013,1.015
106,2020-05-16,Sweden,,,,,,28193,356.0,389.0,1.013,1.015
107,2020-05-17,Sweden,,,,,,28537,344.0,378.0,1.012,1.014
108,2020-05-18,Sweden,,,,,,28871,334.0,367.0,1.012,1.013
109,2020-05-19,Sweden,,,,,,29194,323.0,356.0,1.011,1.013
110,2020-05-20,Sweden,,,,,,29507,313.0,345.0,1.011,1.012
111,2020-05-21,Sweden,,,,,,29809,302.0,334.0,1.01,1.012
112,2020-05-22,Sweden,,,,,,30101,292.0,323.0,1.01,1.011
113,2020-05-23,Sweden,,,,,,30383,282.0,313.0,1.009,1.011
114,2020-05-24,Sweden,,,,,,30656,273.0,303.0,1.009,1.01
115,2020-05-25,Sweden,,,,,,30919,263.0,293.0,1.009,1.01
116,2020-05-26,Sweden,,,,,,31173,254.0,283.0,1.008,1.009
117,2020-05-27,Sweden,,,,,,31418,245.0,273.0,1.008,1.009
118,2020-05-28,Sweden,,,,,,31654,236.0,264.0,1.008,1.009
119,2020-05-29,Sweden,,,,,,31881,227.0,254.0,1.007,1.008
120,2020-05-30,Sweden,,,,,,32100,219.0,245.0,1.007,1.008
121,2020-05-31,Sweden,,,,,,32311,211.0,236.0,1.007,1.008
122,2020-06-01,Sweden,,,,,,32514,203.0,228.0,1.006,1.007
123,2020-06-02,Sweden,,,,,,32710,196.0,220.0,1.006,1.007
124,2020-06-03,Sweden,,,,,,32898,188.0,211.0,1.006,1.007
125,2020-06-04,Sweden,,,,,,33079,181.0,204.0,1.006,1.006
126,2020-06-05,Sweden,,,,,,33253,174.0,196.0,1.005,1.006
127,2020-06-06,Sweden,,,,,,33420,167.0,189.0,1.005,1.006
128,2020-06-07,Sweden,,,,,,33581,161.0,181.0,1.005,1.006
129,2020-06-08,Sweden,,,,,,33735,154.0,174.0,1.005,1.005
130,2020-06-09,Sweden,,,,,,33884,149.0,168.0,1.004,1.005
131,2020-06-10,Sweden,,,,,,34026,142.0,161.0,1.004,1.005
132,2020-06-11,Sweden,,,,,,34163,137.0,155.0,1.004,1.005
133,2020-06-12,Sweden,,,,,,34294,131.0,149.0,1.004,1.004
134,2020-06-13,Sweden,,,,,,34420,126.0,143.0,1.004,1.004
135,2020-06-14,Sweden,,,,,,34541,121.0,137.0,1.004,1.004
136,2020-06-15,Sweden,,,,,,34657,116.0,132.0,1.003,1.004
137,2020-06-16,Sweden,,,,,,34769,112.0,126.0,1.003,1.004
138,2020-06-17,Sweden,,,,,,34875,106.0,121.0,1.003,1.004
139,2020-06-18,Sweden,,,,,,34978,103.0,116.0,1.003,1.003
140,2020-06-19,Sweden,,,,,,35076,98.0,112.0,1.003,1.003
141,2020-06-20,Sweden,,,,,,35170,94.0,107.0,1.003,1.003
142,2020-06-21,Sweden,,,,,,35260,90.0,103.0,1.003,1.003
143,2020-06-22,Sweden,,,,,,35347,87.0,99.0,1.002,1.003
144,2020-06-23,Sweden,,,,,,35430,83.0,94.0,1.002,1.003
145,2020-06-24,Sweden,,,,,,35509,79.0,91.0,1.002,1.003
146,2020-06-25,Sweden,,,,,,35585,76.0,87.0,1.002,1.002
147,2020-06-26,Sweden,,,,,,35658,73.0,83.0,1.002,1.002
148,2020-06-27,Sweden,,,,,,35728,70.0,80.0,1.002,1.002
149,2020-06-28,Sweden,,,,,,35795,67.0,76.0,1.002,1.002
150,2020-06-29,Sweden,,,,,,35859,64.0,73.0,1.002,1.002
151,2020-06-30,Sweden,,,,,,35920,61.0,70.0,1.002,1.002
152,2020-07-01,Sweden,,,,,,35979,59.0,67.0,1.002,1.002
153,2020-07-02,Sweden,,,,,,36035,56.0,64.0,1.002,1.002
154,2020-07-03,Sweden,,,,,,36089,54.0,62.0,1.001,1.002
155,2020-07-04,Sweden,,,,,,36141,52.0,59.0,1.001,1.002
156,2020-07-05,Sweden,,,,,,36190,49.0,56.0,1.001,1.002
157,2020-07-06,Sweden,,,,,,36237,47.0,54.0,1.001,1.001
158,2020-07-07,Sweden,,,,,,36282,45.0,52.0,1.001,1.001
159,2020-07-08,Sweden,,,,,,36326,44.0,50.0,1.001,1.001
160,2020-07-09,Sweden,,,,,,36367,41.0,47.0,1.001,1.001
161,2020-07-10,Sweden,,,,,,36407,40.0,45.0,1.001,1.001
162,2020-07-11,Sweden,,,,,,36445,38.0,43.0,1.001,1.001
163,2020-07-12,Sweden,,,,,,36481,36.0,42.0,1.001,1.001
164,2020-07-13,Sweden,,,,,,36516,35.0,40.0,1.001,1.001
165,2020-07-14,Sweden,,,,,,36549,33.0,38.0,1.001,1.001
166,2020-07-15,Sweden,,,,,,36581,32.0,36.0,1.001,1.001
167,2020-07-16,Sweden,,,,,,36611,30.0,35.0,1.001,1.001
168,2020-07-17,Sweden,,,,,,36640,29.0,33.0,1.001,1.001
169,2020-07-18,Sweden,,,,,,36668,28.0,32.0,1.001,1.001
170,2020-07-19,Sweden,,,,,,36694,26.0,30.0,1.001,1.001
171,2020-07-20,Sweden,,,,,,36720,26.0,29.0,1.001,1.001
172,2020-07-21,Sweden,,,,,,36744,24.0,28.0,1.001,1.001
173,2020-07-22,Sweden,,,,,,36768,24.0,27.0,1.001,1.001
174,2020-07-23,Sweden,,,,,,36790,22.0,26.0,1.001,1.001
175,2020-07-24,Sweden,,,,,,36811,21.0,24.0,1.001,1.001
176,2020-07-25,Sweden,,,,,,36831,20.0,23.0,1.001,1.001
177,2020-07-26,Sweden,,,,,,36851,20.0,22.0,1.001,1.001
178,2020-07-27,Sweden,,,,,,36870,19.0,21.0,1.001,1.001
179,2020-07-28,Sweden,,,,,,36887,17.0,20.0,1.0,1.001
180,2020-07-29,Sweden,,,,,,36904,17.0,19.0,1.0,1.001
181,2020-07-30,Sweden,,,,,,36921,17.0,19.0,1.0,1.001
182,2020-07-31,Sweden,,,,,,36936,15.0,18.0,1.0,1.0
183,2020-08-01,Sweden,,,,,,36951,15.0,17.0,1.0,1.0
184,2020-08-02,Sweden,,,,,,36965,14.0,16.0,1.0,1.0
185,2020-08-03,Sweden,,,,,,36979,14.0,16.0,1.0,1.0
186,2020-08-04,Sweden,,,,,,36992,13.0,15.0,1.0,1.0
187,2020-08-05,Sweden,,,,,,37005,13.0,14.0,1.0,1.0
188,2020-08-06,Sweden,,,,,,37016,11.0,14.0,1.0,1.0
189,2020-08-07,Sweden,,,,,,37028,12.0,13.0,1.0,1.0
190,2020-08-08,Sweden,,,,,,37039,11.0,13.0,1.0,1.0
191,2020-08-09,Sweden,,,,,,37049,10.0,12.0,1.0,1.0
192,2020-08-10,Sweden,,,,,,37059,10.0,11.0,1.0,1.0
193,2020-08-11,Sweden,,,,,,37069,10.0,11.0,1.0,1.0
194,2020-08-12,Sweden,,,,,,37078,9.0,10.0,1.0,1.0
195,2020-08-13,Sweden,,,,,,37086,8.0,10.0,1.0,1.0
196,2020-08-14,Sweden,,,,,,37095,9.0,10.0,1.0,1.0
197,2020-08-15,Sweden,,,,,,37103,8.0,9.0,1.0,1.0
198,2020-08-16,Sweden,,,,,,37110,7.0,9.0,1.0,1.0
199,2020-08-17,Sweden,,,,,,37117,7.0,8.0,1.0,1.0
200,2020-08-18,Sweden,,,,,,37124,7.0,8.0,1.0,1.0
201,2020-08-19,Sweden,,,,,,37131,7.0,8.0,1.0,1.0
202,2020-08-20,Sweden,,,,,,37137,6.0,7.0,1.0,1.0
203,2020-08-21,Sweden,,,,,,37143,6.0,7.0,1.0,1.0
204,2020-08-22,Sweden,,,,,,37149,6.0,7.0,1.0,1.0
205,2020-08-23,Sweden,,,,,,37155,6.0,6.0,1.0,1.0
206,2020-08-24,Sweden,,,,,,37160,5.0,6.0,1.0,1.0
207,2020-08-25,Sweden,,,,,,37165,5.0,6.0,1.0,1.0
208,2020-08-26,Sweden,,,,,,37170,5.0,6.0,1.0,1.0
209,2020-08-27,Sweden,,,,,,37175,5.0,5.0,1.0,1.0
210,2020-08-28,Sweden,,,,,,37179,4.0,5.0,1.0,1.0
211,2020-08-29,Sweden,,,,,,37183,4.0,5.0,1.0,1.0
212,2020-08-30,Sweden,,,,,,37187,4.0,5.0,1.0,1.0
213,2020-08-31,Sweden,,,,,,37191,4.0,4.0,1.0,1.0
214,2020-09-01,Sweden,,,,,,37195,4.0,4.0,1.0,1.0
215,2020-09-02,Sweden,,,,,,37198,3.0,4.0,1.0,1.0
216,2020-09-03,Sweden,,,,,,37202,4.0,4.0,1.0,1.0
217,2020-09-04,Sweden,,,,,,37205,3.0,4.0,1.0,1.0
218,2020-09-05,Sweden,,,,,,37208,3.0,4.0,1.0,1.0
219,2020-09-06,Sweden,,,,,,37211,3.0,3.0,1.0,1.0
220,2020-09-07,Sweden,,,,,,37214,3.0,3.0,1.0,1.0
221,2020-09-08,Sweden,,,,,,37216,2.0,3.0,1.0,1.0
222,2020-09-09,Sweden,,,,,,37219,3.0,3.0,1.0,1.0
223,2020-09-10,Sweden,,,,,,37221,2.0,3.0,1.0,1.0
224,2020-09-11,Sweden,,,,,,37224,3.0,3.0,1.0,1.0
225,2020-09-12,Sweden,,,,,,37226,2.0,3.0,1.0,1.0
226,2020-09-13,Sweden,,,,,,37228,2.0,2.0,1.0,1.0
227,2020-09-14,Sweden,,,,,,37230,2.0,2.0,1.0,1.0
228,2020-09-15,Sweden,,,,,,37232,2.0,2.0,1.0,1.0
229,2020-09-16,Sweden,,,,,,37234,2.0,2.0,1.0,1.0
230,2020-09-17,Sweden,,,,,,37236,2.0,2.0,1.0,1.0
231,2020-09-18,Sweden,,,,,,37238,2.0,2.0,1.0,1.0
232,2020-09-19,Sweden,,,,,,37239,1.0,2.0,1.0,1.0
233,2020-09-20,Sweden,,,,,,37241,2.0,2.0,1.0,1.0
234,2020-09-21,Sweden,,,,,,37242,1.0,2.0,1.0,1.0
235,2020-09-22,Sweden,,,,,,37244,2.0,2.0,1.0,1.0
236,2020-09-23,Sweden,,,,,,37245,1.0,2.0,1.0,1.0
237,2020-09-24,Sweden,,,,,,37246,1.0,1.0,1.0,1.0
238,2020-09-25,Sweden,,,,,,37248,2.0,1.0,1.0,1.0
239,2020-09-26,Sweden,,,,,,37249,1.0,1.0,1.0,1.0
240,2020-09-27,Sweden,,,,,,37250,1.0,1.0,1.0,1.0
241,2020-09-28,Sweden,,,,,,37251,1.0,1.0,1.0,1.0
242,2020-09-29,Sweden,,,,,,37252,1.0,1.0,1.0,1.0
243,2020-09-30,Sweden,,,,,,37253,1.0,1.0,1.0,1.0
244,2020-10-01,Sweden,,,,,,37254,1.0,1.0,1.0,1.0
245,2020-10-02,Sweden,,,,,,37255,1.0,1.0,1.0,1.0
246,2020-10-03,Sweden,,,,,,37256,1.0,1.0,1.0,1.0
247,2020-10-04,Sweden,,,,,,37257,1.0,1.0,1.0,1.0
248,2020-10-05,Sweden,,,,,,37257,0.0,1.0,1.0,1.0
249,2020-10-06,Sweden,,,,,,37258,1.0,1.0,1.0,1.0
250,2020-10-07,Sweden,,,,,,37259,1.0,1.0,1.0,1.0
251,2020-10-08,Sweden,,,,,,37260,1.0,1.0,1.0,1.0
252,2020-10-09,Sweden,,,,,,37260,0.0,1.0,1.0,1.0
253,2020-10-10,Sweden,,,,,,37261,1.0,1.0,1.0,1.0
254,2020-10-11,Sweden,,,,,,37262,1.0,1.0,1.0,1.0
255,2020-10-12,Sweden,,,,,,37262,0.0,1.0,1.0,1.0
256,2020-10-13,Sweden,,,,,,37263,1.0,1.0,1.0,1.0
257,2020-10-14,Sweden,,,,,,37263,0.0,1.0,1.0,1.0
