,date,country,confirmed,new_confirmed,new_conf_avg_7,growth,growth_avg_7,predict,new_predict,new_pred_avg_7,p_growth,p_gr_avg_7
0,2020-02-01,Spain,1.0,1.0,,0.0,1.0,179,,,1.0,
1,2020-02-02,Spain,1.0,0.0,,1.0,1.0,179,0.0,,1.0,
2,2020-02-03,Spain,1.0,0.0,,1.0,1.0,179,0.0,,1.0,
3,2020-02-04,Spain,1.0,0.0,,1.0,1.0,179,0.0,,1.0,
4,2020-02-05,Spain,1.0,0.0,,1.0,1.0,179,0.0,,1.0,
5,2020-02-06,Spain,1.0,0.0,,1.0,1.0,179,0.0,,1.0,
6,2020-02-07,Spain,1.0,0.0,0.0,1.0,1.0,179,0.0,,1.0,1.0
7,2020-02-08,Spain,1.0,0.0,0.0,1.0,1.0,179,0.0,0.0,1.0,1.0
8,2020-02-09,Spain,2.0,1.0,0.0,2.0,1.143,179,0.0,0.0,1.0,1.0
9,2020-02-10,Spain,2.0,0.0,0.0,1.0,1.143,179,0.0,0.0,1.0,1.0
10,2020-02-11,Spain,2.0,0.0,0.0,1.0,1.143,179,0.0,0.0,1.0,1.0
11,2020-02-12,Spain,2.0,0.0,0.0,1.0,1.143,179,0.0,0.0,1.0,1.0
12,2020-02-13,Spain,2.0,0.0,0.0,1.0,1.143,179,0.0,0.0,1.0,1.0
13,2020-02-14,Spain,2.0,0.0,0.0,1.0,1.143,179,0.0,0.0,1.0,1.0
14,2020-02-15,Spain,2.0,0.0,0.0,1.0,1.143,179,0.0,0.0,1.0,1.0
15,2020-02-16,Spain,2.0,0.0,0.0,1.0,1.0,179,0.0,0.0,1.0,1.0
16,2020-02-17,Spain,2.0,0.0,0.0,1.0,1.0,179,0.0,0.0,1.0,1.0
17,2020-02-18,Spain,2.0,0.0,0.0,1.0,1.0,179,0.0,0.0,1.0,1.0
18,2020-02-19,Spain,2.0,0.0,0.0,1.0,1.0,179,0.0,0.0,1.0,1.0
19,2020-02-20,Spain,2.0,0.0,0.0,1.0,1.0,179,0.0,0.0,1.0,1.0
20,2020-02-21,Spain,2.0,0.0,0.0,1.0,1.0,179,0.0,0.0,1.0,1.0
21,2020-02-22,Spain,2.0,0.0,0.0,1.0,1.0,179,0.0,0.0,1.0,1.0
22,2020-02-23,Spain,2.0,0.0,0.0,1.0,1.0,179,0.0,0.0,1.0,1.0
23,2020-02-24,Spain,4.0,2.0,0.0,2.0,1.143,179,0.0,0.0,1.0,1.0
24,2020-02-25,Spain,6.0,2.0,1.0,1.5,1.214,180,1.0,1.0,1.006,1.001
25,2020-02-26,Spain,13.0,7.0,2.0,2.167,1.381,180,0.0,2.0,1.0,1.001
26,2020-02-27,Spain,15.0,2.0,2.0,1.1540000000000001,1.403,181,1.0,2.0,1.006,1.002
27,2020-02-28,Spain,32.0,17.0,4.0,2.133,1.565,183,2.0,4.0,1.011,1.003
28,2020-02-29,Spain,45.0,13.0,6.0,1.406,1.6230000000000002,186,3.0,6.0,1.016,1.006
29,2020-03-01,Spain,84.0,39.0,12.0,1.867,1.7469999999999999,191,5.0,12.0,1.027,1.009
30,2020-03-02,Spain,120.0,36.0,17.0,1.429,1.665,200,9.0,17.0,1.047,1.016
31,2020-03-03,Spain,165.0,45.0,23.0,1.375,1.6469999999999998,217,17.0,23.0,1.085,1.027
32,2020-03-04,Spain,222.0,57.0,30.0,1.345,1.53,245,28.0,30.0,1.129,1.046
33,2020-03-05,Spain,259.0,37.0,35.0,1.167,1.5319999999999998,290,45.0,35.0,1.184,1.071
34,2020-03-06,Spain,400.0,141.0,53.0,1.544,1.4480000000000002,363,73.0,53.0,1.252,1.106
35,2020-03-07,Spain,500.0,100.0,65.0,1.25,1.425,477,114.0,65.0,1.314,1.148
36,2020-03-08,Spain,673.0,173.0,84.0,1.3459999999999999,1.351,651,174.0,84.0,1.365,1.197
37,2020-03-09,Spain,1073.0,400.0,136.0,1.594,1.374,909,258.0,136.0,1.396,1.246
38,2020-03-10,Spain,1695.0,622.0,219.0,1.58,1.4040000000000001,1283,374.0,219.0,1.411,1.293
39,2020-03-11,Spain,2277.0,582.0,294.0,1.3430000000000002,1.403,1811,528.0,294.0,1.412,1.333
40,2020-03-12,Spain,3754.0,1477.0,499.0,1.649,1.472,2538,727.0,499.0,1.401,1.364
41,2020-03-13,Spain,5232.0,1478.0,690.0,1.3940000000000001,1.4509999999999998,3517,979.0,690.0,1.386,1.384
42,2020-03-14,Spain,6391.0,1159.0,842.0,1.222,1.4469999999999998,4801,1284.0,842.0,1.365,1.391
43,2020-03-15,Spain,7798.0,1407.0,1018.0,1.22,1.429,6448,1647.0,1018.0,1.343,1.388
44,2020-03-16,Spain,9942.0,2144.0,1267.0,1.275,1.383,8514,2066.0,1267.0,1.32,1.377
45,2020-03-17,Spain,11748.0,1806.0,1436.0,1.182,1.3259999999999998,11049,2535.0,1436.0,1.298,1.361
46,2020-03-18,Spain,13910.0,2162.0,1662.0,1.1840000000000002,1.304,14095,3046.0,1662.0,1.276,1.341
47,2020-03-19,Spain,17963.0,4053.0,2030.0,1.291,1.253,17683,3588.0,2030.0,1.255,1.32
48,2020-03-20,Spain,20410.0,2447.0,2168.0,1.136,1.216,21830,4147.0,2168.0,1.235,1.299
49,2020-03-21,Spain,25374.0,4964.0,2712.0,1.2429999999999999,1.219,26535,4705.0,2712.0,1.216,1.278
50,2020-03-22,Spain,28768.0,3394.0,2996.0,1.1340000000000001,1.206,31785,5250.0,2996.0,1.198,1.257
51,2020-03-23,Spain,35136.0,6368.0,3599.0,1.2209999999999999,1.199,37548,5763.0,3599.0,1.181,1.237
52,2020-03-24,Spain,39885.0,4749.0,4020.0,1.135,1.192,43779,6231.0,4020.0,1.166,1.218
53,2020-03-25,Spain,49515.0,9630.0,5086.0,1.2409999999999999,1.2,50421,6642.0,5086.0,1.152,1.2
54,2020-03-26,Spain,57786.0,8271.0,5689.0,1.167,1.182,57407,6986.0,5689.0,1.139,1.184
55,2020-03-27,Spain,65719.0,7933.0,6473.0,1.137,1.183,64664,7257.0,6473.0,1.126,1.168
56,2020-03-28,Spain,73235.0,7516.0,6837.0,1.114,1.1640000000000001,72117,7453.0,6837.0,1.115,1.154
57,2020-03-29,Spain,80595.0,7360.0,7404.0,1.1,1.159,79689,7572.0,7404.0,1.105,1.141
58,2020-03-30,Spain,88016.0,7421.0,7554.0,1.092,1.141,87307,7618.0,7554.0,1.096,1.128
59,2020-03-31,Spain,96037.0,8021.0,8022.0,1.091,1.135,94901,7594.0,8022.0,1.087,1.117
60,2020-04-01,Spain,103994.0,7957.0,7783.0,1.083,1.112,102408,7507.0,7783.0,1.079,1.107
61,2020-04-02,Spain,111658.0,7664.0,7696.0,1.074,1.099,109770,7362.0,7696.0,1.072,1.097
62,2020-04-03,Spain,119116.0,7458.0,7628.0,1.067,1.089,116940,7170.0,7628.0,1.065,1.088
63,2020-04-04,Spain,125422.0,6306.0,7455.0,1.053,1.08,123877,6937.0,7455.0,1.059,1.08
64,2020-04-05,Spain,131421.0,5999.0,7261.0,1.048,1.073,130548,6671.0,7261.0,1.054,1.073
65,2020-04-06,Spain,136794.0,5373.0,6968.0,1.041,1.065,136929,6381.0,6968.0,1.049,1.066
66,2020-04-07,Spain,142447.0,5653.0,6630.0,1.041,1.058,143000,6071.0,6630.0,1.044,1.06
67,2020-04-08,Spain,147582.0,5135.0,6227.0,1.036,1.051,148751,5751.0,6227.0,1.04,1.055
68,2020-04-09,Spain,153246.0,5664.0,5941.0,1.038,1.046,154176,5425.0,5941.0,1.036,1.05
69,2020-04-10,Spain,158124.0,4878.0,5573.0,1.032,1.041,159273,5097.0,5573.0,1.033,1.045
70,2020-04-11,Spain,162552.0,4428.0,5304.0,1.028,1.038,164046,4773.0,5304.0,1.03,1.041
71,2020-04-12,Spain,166563.0,4011.0,5020.0,1.025,1.034,168501,4455.0,5020.0,1.027,1.037
72,2020-04-13,Spain,169686.0,3123.0,4699.0,1.0190000000000001,1.031,172648,4147.0,4699.0,1.025,1.034
73,2020-04-14,Spain,173871.0,4185.0,4489.0,1.025,1.0290000000000001,176497,3849.0,4489.0,1.022,1.03
74,2020-04-15,Spain,178744.0,4873.0,4452.0,1.028,1.028,180061,3564.0,4452.0,1.02,1.028
75,2020-04-16,Spain,184241.0,5497.0,4428.0,1.031,1.0270000000000001,183354,3293.0,4428.0,1.018,1.025
76,2020-04-17,Spain,188337.0,4096.0,4316.0,1.022,1.025,186391,3037.0,4316.0,1.017,1.023
77,2020-04-18,Spain,194756.0,6419.0,4601.0,1.034,1.026,189187,2796.0,4601.0,1.015,1.021
78,2020-04-19,Spain,198674.0,3918.0,4587.0,1.02,1.026,191757,2570.0,4587.0,1.014,1.019
79,2020-04-20,Spain,,,,,,194114,2357.0,3490.0,1.012,1.017
80,2020-04-21,Spain,,,,,,196275,2161.0,3201.0,1.011,1.015
81,2020-04-22,Spain,,,,,,198253,1978.0,2787.0,1.01,1.014
82,2020-04-23,Spain,,,,,,200061,1808.0,2260.0,1.009,1.013
83,2020-04-24,Spain,,,,,,201713,1652.0,1911.0,1.008,1.011
84,2020-04-25,Spain,,,,,,203221,1508.0,1209.0,1.007,1.01
85,2020-04-26,Spain,,,,,,204595,1374.0,846.0,1.007,1.009
86,2020-04-27,Spain,,,,,,205847,1252.0,1676.0,1.006,1.008
87,2020-04-28,Spain,,,,,,206987,1140.0,1530.0,1.006,1.008
88,2020-04-29,Spain,,,,,,208025,1038.0,1396.0,1.005,1.007
89,2020-04-30,Spain,,,,,,208969,944.0,1273.0,1.005,1.006
90,2020-05-01,Spain,,,,,,209826,857.0,1159.0,1.004,1.006
91,2020-05-02,Spain,,,,,,210606,780.0,1055.0,1.004,1.005
92,2020-05-03,Spain,,,,,,211314,708.0,960.0,1.003,1.005
93,2020-05-04,Spain,,,,,,211956,642.0,873.0,1.003,1.004
94,2020-05-05,Spain,,,,,,212540,584.0,793.0,1.003,1.004
95,2020-05-06,Spain,,,,,,213069,529.0,721.0,1.002,1.003
96,2020-05-07,Spain,,,,,,213549,480.0,654.0,1.002,1.003
97,2020-05-08,Spain,,,,,,213984,435.0,594.0,1.002,1.003
98,2020-05-09,Spain,,,,,,214379,395.0,539.0,1.002,1.002
99,2020-05-10,Spain,,,,,,214736,357.0,489.0,1.002,1.002
100,2020-05-11,Spain,,,,,,215060,324.0,443.0,1.002,1.002
101,2020-05-12,Spain,,,,,,215354,294.0,402.0,1.001,1.002
102,2020-05-13,Spain,,,,,,215620,266.0,364.0,1.001,1.002
103,2020-05-14,Spain,,,,,,215861,241.0,330.0,1.001,1.002
104,2020-05-15,Spain,,,,,,216080,219.0,299.0,1.001,1.001
105,2020-05-16,Spain,,,,,,216277,197.0,271.0,1.001,1.001
106,2020-05-17,Spain,,,,,,216456,179.0,246.0,1.001,1.001
107,2020-05-18,Spain,,,,,,216619,163.0,223.0,1.001,1.001
108,2020-05-19,Spain,,,,,,216765,146.0,202.0,1.001,1.001
109,2020-05-20,Spain,,,,,,216898,133.0,183.0,1.001,1.001
110,2020-05-21,Spain,,,,,,217019,121.0,165.0,1.001,1.001
111,2020-05-22,Spain,,,,,,217127,108.0,150.0,1.0,1.001
112,2020-05-23,Spain,,,,,,217226,99.0,136.0,1.0,1.001
113,2020-05-24,Spain,,,,,,217315,89.0,123.0,1.0,1.001
114,2020-05-25,Spain,,,,,,217396,81.0,111.0,1.0,1.0
115,2020-05-26,Spain,,,,,,217469,73.0,101.0,1.0,1.0
116,2020-05-27,Spain,,,,,,217535,66.0,91.0,1.0,1.0
117,2020-05-28,Spain,,,,,,217595,60.0,82.0,1.0,1.0
118,2020-05-29,Spain,,,,,,217649,54.0,75.0,1.0,1.0
119,2020-05-30,Spain,,,,,,217698,49.0,67.0,1.0,1.0
120,2020-05-31,Spain,,,,,,217742,44.0,61.0,1.0,1.0
121,2020-06-01,Spain,,,,,,217783,41.0,55.0,1.0,1.0
122,2020-06-02,Spain,,,,,,217819,36.0,50.0,1.0,1.0
123,2020-06-03,Spain,,,,,,217852,33.0,45.0,1.0,1.0
124,2020-06-04,Spain,,,,,,217881,29.0,41.0,1.0,1.0
125,2020-06-05,Spain,,,,,,217908,27.0,37.0,1.0,1.0
126,2020-06-06,Spain,,,,,,217933,25.0,34.0,1.0,1.0
127,2020-06-07,Spain,,,,,,217955,22.0,30.0,1.0,1.0
128,2020-06-08,Spain,,,,,,217975,20.0,27.0,1.0,1.0
129,2020-06-09,Spain,,,,,,217993,18.0,25.0,1.0,1.0
130,2020-06-10,Spain,,,,,,218009,16.0,22.0,1.0,1.0
131,2020-06-11,Spain,,,,,,218024,15.0,20.0,1.0,1.0
132,2020-06-12,Spain,,,,,,218037,13.0,18.0,1.0,1.0
133,2020-06-13,Spain,,,,,,218049,12.0,17.0,1.0,1.0
134,2020-06-14,Spain,,,,,,218060,11.0,15.0,1.0,1.0
135,2020-06-15,Spain,,,,,,218070,10.0,14.0,1.0,1.0
136,2020-06-16,Spain,,,,,,218079,9.0,12.0,1.0,1.0
137,2020-06-17,Spain,,,,,,218087,8.0,11.0,1.0,1.0
138,2020-06-18,Spain,,,,,,218094,7.0,10.0,1.0,1.0
139,2020-06-19,Spain,,,,,,218101,7.0,9.0,1.0,1.0
140,2020-06-20,Spain,,,,,,218107,6.0,8.0,1.0,1.0
141,2020-06-21,Spain,,,,,,218112,5.0,7.0,1.0,1.0
142,2020-06-22,Spain,,,,,,218117,5.0,7.0,1.0,1.0
143,2020-06-23,Spain,,,,,,218122,5.0,6.0,1.0,1.0
144,2020-06-24,Spain,,,,,,218126,4.0,6.0,1.0,1.0
145,2020-06-25,Spain,,,,,,218129,3.0,5.0,1.0,1.0
146,2020-06-26,Spain,,,,,,218133,4.0,5.0,1.0,1.0
147,2020-06-27,Spain,,,,,,218136,3.0,4.0,1.0,1.0
148,2020-06-28,Spain,,,,,,218138,2.0,4.0,1.0,1.0
149,2020-06-29,Spain,,,,,,218141,3.0,3.0,1.0,1.0
150,2020-06-30,Spain,,,,,,218143,2.0,3.0,1.0,1.0
151,2020-07-01,Spain,,,,,,218145,2.0,3.0,1.0,1.0
152,2020-07-02,Spain,,,,,,218147,2.0,3.0,1.0,1.0
153,2020-07-03,Spain,,,,,,218148,1.0,2.0,1.0,1.0
154,2020-07-04,Spain,,,,,,218150,2.0,2.0,1.0,1.0
155,2020-07-05,Spain,,,,,,218151,1.0,2.0,1.0,1.0
156,2020-07-06,Spain,,,,,,218152,1.0,2.0,1.0,1.0
157,2020-07-07,Spain,,,,,,218153,1.0,1.0,1.0,1.0
