,date,country,confirmed,new_confirmed,new_conf_avg_7,growth,growth_avg_7,predict,new_predict,new_pred_avg_7,p_growth,p_gr_avg_7
0,2020-01-31,Sweden,1.0,1.0,,0.0,1.0,0,,,1.0,
1,2020-02-01,Sweden,1.0,0.0,,1.0,1.0,0,0.0,,0.0,
2,2020-02-02,Sweden,1.0,0.0,,1.0,1.0,0,0.0,,0.0,
3,2020-02-03,Sweden,1.0,0.0,,1.0,1.0,0,0.0,,0.0,
4,2020-02-04,Sweden,1.0,0.0,,1.0,1.0,0,0.0,,0.0,
5,2020-02-05,Sweden,1.0,0.0,,1.0,1.0,0,0.0,,0.0,
6,2020-02-06,Sweden,1.0,0.0,0.0,1.0,1.0,0,0.0,,0.0,1.0
7,2020-02-07,Sweden,1.0,0.0,0.0,1.0,1.0,0,0.0,0.0,0.0,1.0
8,2020-02-08,Sweden,1.0,0.0,0.0,1.0,1.0,0,0.0,0.0,0.0,1.0
9,2020-02-09,Sweden,1.0,0.0,0.0,1.0,1.0,0,0.0,0.0,0.0,1.0
10,2020-02-10,Sweden,1.0,0.0,0.0,1.0,1.0,0,0.0,0.0,0.0,1.0
11,2020-02-11,Sweden,1.0,0.0,0.0,1.0,1.0,0,0.0,0.0,0.0,1.0
12,2020-02-12,Sweden,1.0,0.0,0.0,1.0,1.0,0,0.0,0.0,0.0,1.0
13,2020-02-13,Sweden,1.0,0.0,0.0,1.0,1.0,0,0.0,0.0,0.0,1.0
14,2020-02-14,Sweden,1.0,0.0,0.0,1.0,1.0,0,0.0,0.0,0.0,1.0
15,2020-02-15,Sweden,1.0,0.0,0.0,1.0,1.0,0,0.0,0.0,0.0,1.0
16,2020-02-16,Sweden,1.0,0.0,0.0,1.0,1.0,0,0.0,0.0,0.0,1.0
17,2020-02-17,Sweden,1.0,0.0,0.0,1.0,1.0,0,0.0,0.0,0.0,1.0
18,2020-02-18,Sweden,1.0,0.0,0.0,1.0,1.0,0,0.0,0.0,0.0,1.0
19,2020-02-19,Sweden,1.0,0.0,0.0,1.0,1.0,0,0.0,0.0,0.0,1.0
20,2020-02-20,Sweden,1.0,0.0,0.0,1.0,1.0,1,1.0,0.0,0.0,1.0
21,2020-02-21,Sweden,1.0,0.0,0.0,1.0,1.0,8,7.0,0.0,8.0,1.143
22,2020-02-22,Sweden,1.0,0.0,0.0,1.0,1.0,16,8.0,0.0,2.0,1.429
23,2020-02-23,Sweden,1.0,0.0,0.0,1.0,1.0,25,9.0,0.0,1.562,1.652
24,2020-02-24,Sweden,1.0,0.0,0.0,1.0,1.0,36,11.0,0.0,1.44,1.857
25,2020-02-25,Sweden,1.0,0.0,0.0,1.0,1.0,47,11.0,0.0,1.306,2.044
26,2020-02-26,Sweden,2.0,1.0,0.0,2.0,1.143,61,14.0,0.0,1.298,2.229
27,2020-02-27,Sweden,7.0,5.0,1.0,3.5,1.5,76,15.0,1.0,1.246,2.407
28,2020-02-28,Sweden,9.0,2.0,1.0,1.286,1.541,93,17.0,1.0,1.224,1.439
29,2020-02-29,Sweden,12.0,3.0,2.0,1.3330000000000002,1.588,112,19.0,2.0,1.204,1.326
30,2020-03-01,Sweden,14.0,2.0,2.0,1.167,1.6119999999999999,133,21.0,2.0,1.188,1.272
31,2020-03-02,Sweden,17.0,3.0,2.0,1.214,1.643,158,25.0,2.0,1.188,1.236
32,2020-03-03,Sweden,21.0,4.0,3.0,1.235,1.676,186,28.0,3.0,1.177,1.218
33,2020-03-04,Sweden,35.0,14.0,5.0,1.6669999999999998,1.629,217,31.0,5.0,1.167,1.199
34,2020-03-05,Sweden,94.0,59.0,12.0,2.6860000000000004,1.5130000000000001,252,35.0,12.0,1.161,1.187
35,2020-03-06,Sweden,127.0,33.0,17.0,1.351,1.5219999999999998,292,40.0,17.0,1.159,1.178
36,2020-03-07,Sweden,161.0,34.0,21.0,1.268,1.5130000000000001,336,44.0,21.0,1.151,1.17
37,2020-03-08,Sweden,203.0,42.0,27.0,1.261,1.526,386,50.0,27.0,1.149,1.165
38,2020-03-09,Sweden,248.0,45.0,33.0,1.222,1.527,442,56.0,33.0,1.145,1.158
39,2020-03-10,Sweden,355.0,107.0,48.0,1.431,1.555,505,63.0,48.0,1.143,1.154
40,2020-03-11,Sweden,500.0,145.0,66.0,1.4080000000000001,1.518,576,71.0,66.0,1.141,1.15
41,2020-03-12,Sweden,599.0,99.0,72.0,1.198,1.306,655,79.0,72.0,1.137,1.146
42,2020-03-13,Sweden,814.0,215.0,98.0,1.359,1.307,743,88.0,98.0,1.134,1.143
43,2020-03-14,Sweden,961.0,147.0,114.0,1.181,1.294,841,98.0,114.0,1.132,1.14
44,2020-03-15,Sweden,1032.0,71.0,118.0,1.074,1.268,951,110.0,118.0,1.131,1.138
45,2020-03-16,Sweden,1106.0,74.0,123.0,1.072,1.246,1072,121.0,123.0,1.127,1.135
46,2020-03-17,Sweden,1191.0,85.0,119.0,1.077,1.196,1207,135.0,119.0,1.126,1.133
47,2020-03-18,Sweden,1314.0,123.0,116.0,1.103,1.1520000000000001,1356,149.0,116.0,1.123,1.13
48,2020-03-19,Sweden,1439.0,125.0,120.0,1.095,1.137,1520,164.0,120.0,1.121,1.128
49,2020-03-20,Sweden,1639.0,200.0,118.0,1.139,1.1059999999999999,1700,180.0,118.0,1.118,1.125
50,2020-03-21,Sweden,1786.0,147.0,118.0,1.09,1.093,1898,198.0,118.0,1.116,1.123
51,2020-03-22,Sweden,1904.0,118.0,125.0,1.0659999999999998,1.092,2115,217.0,125.0,1.114,1.121
52,2020-03-23,Sweden,2110.0,206.0,143.0,1.1079999999999999,1.097,2351,236.0,143.0,1.112,1.119
53,2020-03-24,Sweden,2286.0,176.0,156.0,1.083,1.0979999999999999,2607,256.0,156.0,1.109,1.116
54,2020-03-25,Sweden,2563.0,277.0,178.0,1.121,1.1,2885,278.0,178.0,1.107,1.114
55,2020-03-26,Sweden,2840.0,277.0,200.0,1.1079999999999999,1.102,3185,300.0,200.0,1.104,1.111
56,2020-03-27,Sweden,3143.0,303.0,215.0,1.107,1.0979999999999999,3507,322.0,215.0,1.101,1.109
57,2020-03-28,Sweden,3447.0,304.0,237.0,1.097,1.099,3851,344.0,237.0,1.098,1.106
58,2020-03-29,Sweden,3737.0,290.0,262.0,1.084,1.101,4219,368.0,262.0,1.096,1.104
59,2020-03-30,Sweden,4067.0,330.0,280.0,1.088,1.0979999999999999,4608,389.0,280.0,1.092,1.101
60,2020-03-31,Sweden,4487.0,420.0,314.0,1.103,1.101,5019,411.0,314.0,1.089,1.098
61,2020-04-01,Sweden,4947.0,460.0,341.0,1.103,1.099,5451,432.0,341.0,1.086,1.095
62,2020-04-02,Sweden,5568.0,621.0,390.0,1.126,1.101,5903,452.0,390.0,1.083,1.092
63,2020-04-03,Sweden,6005.0,437.0,409.0,1.078,1.097,6373,470.0,409.0,1.08,1.089
64,2020-04-04,Sweden,6480.0,475.0,433.0,1.079,1.094,6860,487.0,433.0,1.076,1.086
65,2020-04-05,Sweden,6824.0,344.0,441.0,1.053,1.09,7360,500.0,441.0,1.073,1.083
66,2020-04-06,Sweden,7261.0,437.0,456.0,1.064,1.087,7873,513.0,456.0,1.07,1.08
67,2020-04-07,Sweden,7812.0,551.0,475.0,1.0759999999999998,1.083,8396,523.0,475.0,1.066,1.076
68,2020-04-08,Sweden,8417.0,605.0,496.0,1.077,1.079,8926,530.0,496.0,1.063,1.073
69,2020-04-09,Sweden,9052.0,635.0,498.0,1.075,1.072,9460,534.0,498.0,1.06,1.07
70,2020-04-10,Sweden,9646.0,594.0,520.0,1.0659999999999998,1.07,9995,535.0,520.0,1.057,1.066
71,2020-04-11,Sweden,10084.0,438.0,515.0,1.045,1.065,10529,534.0,515.0,1.053,1.063
72,2020-04-12,Sweden,10549.0,465.0,532.0,1.046,1.064,11059,530.0,532.0,1.05,1.06
73,2020-04-13,Sweden,10964.0,415.0,529.0,1.0390000000000001,1.061,11582,523.0,529.0,1.047,1.057
74,2020-04-14,Sweden,11437.0,473.0,518.0,1.043,1.056,12097,515.0,518.0,1.044,1.053
75,2020-04-15,Sweden,11992.0,555.0,511.0,1.0490000000000002,1.052,12600,503.0,511.0,1.042,1.05
76,2020-04-16,Sweden,12571.0,579.0,503.0,1.048,1.048,13089,489.0,503.0,1.039,1.047
77,2020-04-17,Sweden,13216.0,645.0,510.0,1.051,1.046,13564,475.0,510.0,1.036,1.044
78,2020-04-18,Sweden,,,,,,14022,458.0,563.0,1.034,1.042
79,2020-04-19,Sweden,,,,,,14462,440.0,559.0,1.031,1.039
80,2020-04-20,Sweden,,,,,,14884,422.0,560.0,1.029,1.036
81,2020-04-21,Sweden,,,,,,15286,402.0,550.0,1.027,1.034
82,2020-04-22,Sweden,,,,,,15669,383.0,525.0,1.025,1.032
83,2020-04-23,Sweden,,,,,,16031,362.0,494.0,1.023,1.029
84,2020-04-24,Sweden,,,,,,16373,342.0,451.0,1.021,1.027
85,2020-04-25,Sweden,,,,,,16696,323.0,382.0,1.02,1.025
86,2020-04-26,Sweden,,,,,,16998,302.0,362.0,1.018,1.023
87,2020-04-27,Sweden,,,,,,17282,284.0,343.0,1.017,1.022
88,2020-04-28,Sweden,,,,,,17547,265.0,323.0,1.015,1.02
89,2020-04-29,Sweden,,,,,,17794,247.0,304.0,1.014,1.018
90,2020-04-30,Sweden,,,,,,18025,231.0,285.0,1.013,1.017
91,2020-05-01,Sweden,,,,,,18238,213.0,266.0,1.012,1.016
92,2020-05-02,Sweden,,,,,,18437,199.0,249.0,1.011,1.014
93,2020-05-03,Sweden,,,,,,18620,183.0,232.0,1.01,1.013
94,2020-05-04,Sweden,,,,,,18790,170.0,215.0,1.009,1.012
95,2020-05-05,Sweden,,,,,,18946,156.0,200.0,1.008,1.011
96,2020-05-06,Sweden,,,,,,19091,145.0,185.0,1.008,1.01
97,2020-05-07,Sweden,,,,,,19224,133.0,171.0,1.007,1.009
98,2020-05-08,Sweden,,,,,,19346,122.0,158.0,1.006,1.008
99,2020-05-09,Sweden,,,,,,19458,112.0,146.0,1.006,1.008
100,2020-05-10,Sweden,,,,,,19561,103.0,134.0,1.005,1.007
101,2020-05-11,Sweden,,,,,,19656,95.0,124.0,1.005,1.006
102,2020-05-12,Sweden,,,,,,19743,87.0,114.0,1.004,1.006
103,2020-05-13,Sweden,,,,,,19822,79.0,104.0,1.004,1.005
104,2020-05-14,Sweden,,,,,,19895,73.0,96.0,1.004,1.005
105,2020-05-15,Sweden,,,,,,19961,66.0,88.0,1.003,1.004
106,2020-05-16,Sweden,,,,,,20022,61.0,81.0,1.003,1.004
107,2020-05-17,Sweden,,,,,,20078,56.0,74.0,1.003,1.004
108,2020-05-18,Sweden,,,,,,20128,50.0,67.0,1.002,1.003
109,2020-05-19,Sweden,,,,,,20175,47.0,62.0,1.002,1.003
110,2020-05-20,Sweden,,,,,,20217,42.0,56.0,1.002,1.003
111,2020-05-21,Sweden,,,,,,20256,39.0,52.0,1.002,1.002
112,2020-05-22,Sweden,,,,,,20291,35.0,47.0,1.002,1.002
113,2020-05-23,Sweden,,,,,,20323,32.0,43.0,1.002,1.002
114,2020-05-24,Sweden,,,,,,20352,29.0,39.0,1.001,1.002
115,2020-05-25,Sweden,,,,,,20379,27.0,36.0,1.001,1.002
116,2020-05-26,Sweden,,,,,,20403,24.0,33.0,1.001,1.002
117,2020-05-27,Sweden,,,,,,20425,22.0,30.0,1.001,1.001
118,2020-05-28,Sweden,,,,,,20446,21.0,27.0,1.001,1.001
119,2020-05-29,Sweden,,,,,,20464,18.0,25.0,1.001,1.001
120,2020-05-30,Sweden,,,,,,20481,17.0,23.0,1.001,1.001
121,2020-05-31,Sweden,,,,,,20496,15.0,21.0,1.001,1.001
122,2020-06-01,Sweden,,,,,,20510,14.0,19.0,1.001,1.001
123,2020-06-02,Sweden,,,,,,20522,12.0,17.0,1.001,1.001
124,2020-06-03,Sweden,,,,,,20534,12.0,16.0,1.001,1.001
125,2020-06-04,Sweden,,,,,,20544,10.0,14.0,1.0,1.001
126,2020-06-05,Sweden,,,,,,20554,10.0,13.0,1.0,1.001
127,2020-06-06,Sweden,,,,,,20563,9.0,12.0,1.0,1.001
128,2020-06-07,Sweden,,,,,,20570,7.0,11.0,1.0,1.0
129,2020-06-08,Sweden,,,,,,20578,8.0,10.0,1.0,1.0
130,2020-06-09,Sweden,,,,,,20584,6.0,9.0,1.0,1.0
131,2020-06-10,Sweden,,,,,,20590,6.0,8.0,1.0,1.0
132,2020-06-11,Sweden,,,,,,20596,6.0,7.0,1.0,1.0
133,2020-06-12,Sweden,,,,,,20600,4.0,7.0,1.0,1.0
134,2020-06-13,Sweden,,,,,,20605,5.0,6.0,1.0,1.0
135,2020-06-14,Sweden,,,,,,20609,4.0,6.0,1.0,1.0
136,2020-06-15,Sweden,,,,,,20613,4.0,5.0,1.0,1.0
137,2020-06-16,Sweden,,,,,,20616,3.0,5.0,1.0,1.0
138,2020-06-17,Sweden,,,,,,20619,3.0,4.0,1.0,1.0
139,2020-06-18,Sweden,,,,,,20622,3.0,4.0,1.0,1.0
140,2020-06-19,Sweden,,,,,,20624,2.0,3.0,1.0,1.0
141,2020-06-20,Sweden,,,,,,20627,3.0,3.0,1.0,1.0
142,2020-06-21,Sweden,,,,,,20629,2.0,3.0,1.0,1.0
143,2020-06-22,Sweden,,,,,,20631,2.0,3.0,1.0,1.0
144,2020-06-23,Sweden,,,,,,20632,1.0,2.0,1.0,1.0
145,2020-06-24,Sweden,,,,,,20634,2.0,2.0,1.0,1.0
146,2020-06-25,Sweden,,,,,,20635,1.0,2.0,1.0,1.0
147,2020-06-26,Sweden,,,,,,20637,2.0,2.0,1.0,1.0
148,2020-06-27,Sweden,,,,,,20638,1.0,2.0,1.0,1.0
149,2020-06-28,Sweden,,,,,,20639,1.0,1.0,1.0,1.0
150,2020-06-29,Sweden,,,,,,20640,1.0,1.0,1.0,1.0
151,2020-06-30,Sweden,,,,,,20641,1.0,1.0,1.0,1.0
152,2020-07-01,Sweden,,,,,,20642,1.0,1.0,1.0,1.0
153,2020-07-02,Sweden,,,,,,20642,0.0,1.0,1.0,1.0
154,2020-07-03,Sweden,,,,,,20643,1.0,1.0,1.0,1.0
155,2020-07-04,Sweden,,,,,,20644,1.0,1.0,1.0,1.0
156,2020-07-05,Sweden,,,,,,20644,0.0,1.0,1.0,1.0
157,2020-07-06,Sweden,,,,,,20645,1.0,1.0,1.0,1.0
158,2020-07-07,Sweden,,,,,,20645,0.0,1.0,1.0,1.0
159,2020-07-08,Sweden,,,,,,20646,1.0,1.0,1.0,1.0
160,2020-07-09,Sweden,,,,,,20646,0.0,1.0,1.0,1.0
161,2020-07-10,Sweden,,,,,,20646,0.0,0.0,1.0,1.0
162,2020-07-11,Sweden,,,,,,20647,1.0,0.0,1.0,1.0
163,2020-07-12,Sweden,,,,,,20647,0.0,0.0,1.0,1.0
164,2020-07-13,Sweden,,,,,,20647,0.0,0.0,1.0,1.0
165,2020-07-14,Sweden,,,,,,20647,0.0,0.0,1.0,1.0
166,2020-07-15,Sweden,,,,,,20648,1.0,0.0,1.0,1.0
167,2020-07-16,Sweden,,,,,,20648,0.0,0.0,1.0,1.0
168,2020-07-17,Sweden,,,,,,20648,0.0,0.0,1.0,1.0
169,2020-07-18,Sweden,,,,,,20648,0.0,0.0,1.0,1.0
170,2020-07-19,Sweden,,,,,,20648,0.0,0.0,1.0,1.0
171,2020-07-20,Sweden,,,,,,20648,0.0,0.0,1.0,1.0
172,2020-07-21,Sweden,,,,,,20649,1.0,0.0,1.0,1.0
173,2020-07-22,Sweden,,,,,,20649,0.0,0.0,1.0,1.0
174,2020-07-23,Sweden,,,,,,20649,0.0,0.0,1.0,1.0
175,2020-07-24,Sweden,,,,,,20649,0.0,0.0,1.0,1.0
176,2020-07-25,Sweden,,,,,,20649,0.0,0.0,1.0,1.0
177,2020-07-26,Sweden,,,,,,20649,0.0,0.0,1.0,1.0
