,date,country,confirmed,new_confirmed,new_conf_avg_7,growth,growth_avg_7,predict,new_predict,new_pred_avg_7,p_growth,p_gr_avg_7
0,2020-03-11,Turkey,1.0,1.0,,0.0,1.0,0,,,1.0,
1,2020-03-12,Turkey,3.0,2.0,,3.0,1.1840000000000002,0,0.0,,0.0,
2,2020-03-13,Turkey,5.0,2.0,,1.6669999999999998,1.266,0,0.0,,0.0,
3,2020-03-14,Turkey,5.0,0.0,,1.0,1.26,0,0.0,,0.0,
4,2020-03-15,Turkey,6.0,1.0,,1.2,1.2790000000000001,0,0.0,,0.0,
5,2020-03-16,Turkey,18.0,12.0,,3.0,1.56,0,0.0,,0.0,
6,2020-03-17,Turkey,47.0,29.0,7.0,2.611,1.7830000000000001,0,0.0,,0.0,1.0
7,2020-03-18,Turkey,98.0,51.0,14.0,2.085,2.08,0,0.0,14.0,0.0,1.0
8,2020-03-19,Turkey,192.0,94.0,27.0,1.959,1.932,0,0.0,27.0,0.0,1.0
9,2020-03-20,Turkey,359.0,167.0,51.0,1.87,1.9609999999999999,0,0.0,51.0,0.0,1.0
10,2020-03-21,Turkey,670.0,311.0,95.0,1.8659999999999999,2.084,119,119.0,95.0,0.0,1.0
11,2020-03-22,Turkey,1236.0,566.0,176.0,1.845,2.177,392,273.0,176.0,3.294,1.0
12,2020-03-23,Turkey,1529.0,293.0,216.0,1.237,1.925,803,411.0,216.0,2.048,1.0
13,2020-03-24,Turkey,1872.0,343.0,261.0,1.224,1.7269999999999999,1399,596.0,261.0,1.742,1.012
14,2020-03-25,Turkey,2433.0,561.0,334.0,1.3,1.614,2228,829.0,334.0,1.593,1.24
15,2020-03-26,Turkey,3629.0,1196.0,491.0,1.492,1.548,3336,1108.0,491.0,1.497,1.453
16,2020-03-27,Turkey,5698.0,2069.0,763.0,1.57,1.505,4759,1423.0,763.0,1.427,1.657
17,2020-03-28,Turkey,7402.0,1704.0,962.0,1.2990000000000002,1.4240000000000002,6516,1757.0,962.0,1.369,1.853
18,2020-03-29,Turkey,9217.0,1815.0,1140.0,1.245,1.338,8610,2094.0,1140.0,1.321,1.571
19,2020-03-30,Turkey,10827.0,1610.0,1328.0,1.175,1.329,11019,2409.0,1328.0,1.28,1.461
20,2020-03-31,Turkey,13531.0,2704.0,1666.0,1.25,1.3330000000000002,13701,2682.0,1666.0,1.243,1.39
21,2020-04-01,Turkey,15679.0,2148.0,1892.0,1.159,1.3130000000000002,16599,2898.0,1892.0,1.212,1.336
22,2020-04-02,Turkey,18135.0,2456.0,2072.0,1.157,1.265,19645,3046.0,2072.0,1.184,1.291
23,2020-04-03,Turkey,20921.0,2786.0,2175.0,1.1540000000000001,1.206,22767,3122.0,2175.0,1.159,1.253
24,2020-04-04,Turkey,23934.0,3013.0,2362.0,1.1440000000000001,1.183,25894,3127.0,2362.0,1.137,1.219
25,2020-04-05,Turkey,,,,,,28963,3069.0,2821.0,1.119,1.191
26,2020-04-06,Turkey,,,,,,31921,2958.0,3013.0,1.102,1.165
27,2020-04-07,Turkey,,,,,,34726,2805.0,3028.0,1.088,1.143
28,2020-04-08,Turkey,,,,,,37348,2622.0,3096.0,1.076,1.124
29,2020-04-09,Turkey,,,,,,39770,2422.0,3091.0,1.065,1.107
30,2020-04-10,Turkey,,,,,,41981,2211.0,3009.0,1.056,1.092
31,2020-04-11,Turkey,,,,,,43982,2001.0,2864.0,1.048,1.079
32,2020-04-12,Turkey,,,,,,45777,1795.0,2402.0,1.041,1.068
33,2020-04-13,Turkey,,,,,,47376,1599.0,2208.0,1.035,1.058
34,2020-04-14,Turkey,,,,,,48792,1416.0,2009.0,1.03,1.05
35,2020-04-15,Turkey,,,,,,50038,1246.0,1813.0,1.026,1.043
36,2020-04-16,Turkey,,,,,,51131,1093.0,1623.0,1.022,1.037
37,2020-04-17,Turkey,,,,,,52085,954.0,1443.0,1.019,1.032
38,2020-04-18,Turkey,,,,,,52915,830.0,1276.0,1.016,1.027
39,2020-04-19,Turkey,,,,,,53635,720.0,1123.0,1.014,1.023
40,2020-04-20,Turkey,,,,,,54259,624.0,983.0,1.012,1.02
41,2020-04-21,Turkey,,,,,,54797,538.0,858.0,1.01,1.017
42,2020-04-22,Turkey,,,,,,55261,464.0,746.0,1.008,1.014
43,2020-04-23,Turkey,,,,,,55660,399.0,647.0,1.007,1.012
44,2020-04-24,Turkey,,,,,,56003,343.0,560.0,1.006,1.01
45,2020-04-25,Turkey,,,,,,56298,295.0,483.0,1.005,1.009
46,2020-04-26,Turkey,,,,,,56550,252.0,416.0,1.004,1.007
47,2020-04-27,Turkey,,,,,,56767,217.0,358.0,1.004,1.006
48,2020-04-28,Turkey,,,,,,56952,185.0,308.0,1.003,1.005
49,2020-04-29,Turkey,,,,,,57111,159.0,264.0,1.003,1.005
50,2020-04-30,Turkey,,,,,,57246,135.0,227.0,1.002,1.004
51,2020-05-01,Turkey,,,,,,57362,116.0,194.0,1.002,1.003
52,2020-05-02,Turkey,,,,,,57462,100.0,166.0,1.002,1.003
53,2020-05-03,Turkey,,,,,,57546,84.0,142.0,1.001,1.002
54,2020-05-04,Turkey,,,,,,57619,73.0,122.0,1.001,1.002
55,2020-05-05,Turkey,,,,,,57680,61.0,104.0,1.001,1.002
56,2020-05-06,Turkey,,,,,,57733,53.0,89.0,1.001,1.001
57,2020-05-07,Turkey,,,,,,57778,45.0,76.0,1.001,1.001
58,2020-05-08,Turkey,,,,,,57817,39.0,65.0,1.001,1.001
59,2020-05-09,Turkey,,,,,,57849,32.0,55.0,1.001,1.001
60,2020-05-10,Turkey,,,,,,57877,28.0,47.0,1.0,1.001
61,2020-05-11,Turkey,,,,,,57901,24.0,40.0,1.0,1.001
62,2020-05-12,Turkey,,,,,,57922,21.0,35.0,1.0,1.001
63,2020-05-13,Turkey,,,,,,57939,17.0,29.0,1.0,1.0
64,2020-05-14,Turkey,,,,,,57954,15.0,25.0,1.0,1.0
65,2020-05-15,Turkey,,,,,,57966,12.0,21.0,1.0,1.0
66,2020-05-16,Turkey,,,,,,57977,11.0,18.0,1.0,1.0
67,2020-05-17,Turkey,,,,,,57986,9.0,16.0,1.0,1.0
68,2020-05-18,Turkey,,,,,,57994,8.0,13.0,1.0,1.0
69,2020-05-19,Turkey,,,,,,58001,7.0,11.0,1.0,1.0
70,2020-05-20,Turkey,,,,,,58007,6.0,10.0,1.0,1.0
71,2020-05-21,Turkey,,,,,,58011,4.0,8.0,1.0,1.0
72,2020-05-22,Turkey,,,,,,58016,5.0,7.0,1.0,1.0
73,2020-05-23,Turkey,,,,,,58019,3.0,6.0,1.0,1.0
74,2020-05-24,Turkey,,,,,,58022,3.0,5.0,1.0,1.0
75,2020-05-25,Turkey,,,,,,58025,3.0,4.0,1.0,1.0
76,2020-05-26,Turkey,,,,,,58027,2.0,4.0,1.0,1.0
77,2020-05-27,Turkey,,,,,,58029,2.0,3.0,1.0,1.0
78,2020-05-28,Turkey,,,,,,58030,1.0,3.0,1.0,1.0
79,2020-05-29,Turkey,,,,,,58032,2.0,2.0,1.0,1.0
80,2020-05-30,Turkey,,,,,,58033,1.0,2.0,1.0,1.0
81,2020-05-31,Turkey,,,,,,58034,1.0,2.0,1.0,1.0
82,2020-06-01,Turkey,,,,,,58035,1.0,1.0,1.0,1.0
83,2020-06-02,Turkey,,,,,,58035,0.0,1.0,1.0,1.0
84,2020-06-03,Turkey,,,,,,58036,1.0,1.0,1.0,1.0
85,2020-06-04,Turkey,,,,,,58037,1.0,1.0,1.0,1.0
86,2020-06-05,Turkey,,,,,,58037,0.0,1.0,1.0,1.0
87,2020-06-06,Turkey,,,,,,58037,0.0,1.0,1.0,1.0
88,2020-06-07,Turkey,,,,,,58038,1.0,1.0,1.0,1.0
89,2020-06-08,Turkey,,,,,,58038,0.0,0.0,1.0,1.0
90,2020-06-09,Turkey,,,,,,58038,0.0,0.0,1.0,1.0
91,2020-06-10,Turkey,,,,,,58038,0.0,0.0,1.0,1.0
92,2020-06-11,Turkey,,,,,,58039,1.0,0.0,1.0,1.0
93,2020-06-12,Turkey,,,,,,58039,0.0,0.0,1.0,1.0
94,2020-06-13,Turkey,,,,,,58039,0.0,0.0,1.0,1.0
95,2020-06-14,Turkey,,,,,,58039,0.0,0.0,1.0,1.0
96,2020-06-15,Turkey,,,,,,58039,0.0,0.0,1.0,1.0
97,2020-06-16,Turkey,,,,,,58039,0.0,0.0,1.0,1.0
98,2020-06-17,Turkey,,,,,,58039,0.0,0.0,1.0,1.0
99,2020-06-18,Turkey,,,,,,58039,0.0,0.0,1.0,1.0
100,2020-06-19,Turkey,,,,,,58039,0.0,0.0,1.0,1.0
101,2020-06-20,Turkey,,,,,,58039,0.0,0.0,1.0,1.0
102,2020-06-21,Turkey,,,,,,58039,0.0,0.0,1.0,1.0
103,2020-06-22,Turkey,,,,,,58039,0.0,0.0,1.0,1.0
104,2020-06-23,Turkey,,,,,,58040,1.0,0.0,1.0,1.0
105,2020-06-24,Turkey,,,,,,58040,0.0,0.0,1.0,1.0
106,2020-06-25,Turkey,,,,,,58040,0.0,0.0,1.0,1.0
107,2020-06-26,Turkey,,,,,,58040,0.0,0.0,1.0,1.0
108,2020-06-27,Turkey,,,,,,58040,0.0,0.0,1.0,1.0
109,2020-06-28,Turkey,,,,,,58040,0.0,0.0,1.0,1.0
110,2020-06-29,Turkey,,,,,,58040,0.0,0.0,1.0,1.0
111,2020-06-30,Turkey,,,,,,58040,0.0,0.0,1.0,1.0
112,2020-07-01,Turkey,,,,,,58040,0.0,0.0,1.0,1.0
113,2020-07-02,Turkey,,,,,,58040,0.0,0.0,1.0,1.0
114,2020-07-03,Turkey,,,,,,58040,0.0,0.0,1.0,1.0
115,2020-07-04,Turkey,,,,,,58040,0.0,0.0,1.0,1.0
116,2020-07-05,Turkey,,,,,,58040,0.0,0.0,1.0,1.0
117,2020-07-06,Turkey,,,,,,58040,0.0,0.0,1.0,1.0
118,2020-07-07,Turkey,,,,,,58040,0.0,0.0,1.0,1.0
119,2020-07-08,Turkey,,,,,,58040,0.0,0.0,1.0,1.0
