,date,country,confirmed,new_confirmed,new_conf_avg_7,growth,growth_avg_7,predict,new_predict,new_pred_avg_7,p_growth,p_gr_avg_7
0,2020-02-19,Iran,2.0,2.0,,0.0,1.0,,,,,
1,2020-02-20,Iran,5.0,3.0,,2.5,1.109,,,,,
2,2020-02-21,Iran,18.0,13.0,,3.6,1.473,,,,,
3,2020-02-22,Iran,28.0,10.0,,1.556,1.545,,,,,
4,2020-02-23,Iran,43.0,15.0,,1.536,1.6130000000000002,,,,,
5,2020-02-24,Iran,61.0,18.0,,1.419,1.666,,,,,
6,2020-02-25,Iran,95.0,34.0,14.0,1.557,1.7380000000000002,,,,,
7,2020-02-26,Iran,139.0,44.0,20.0,1.463,1.9469999999999998,,,20.0,,
8,2020-02-27,Iran,245.0,106.0,34.0,1.7630000000000001,1.8419999999999999,,,34.0,,
9,2020-02-28,Iran,388.0,143.0,53.0,1.584,1.554,,,53.0,,
10,2020-02-29,Iran,593.0,205.0,81.0,1.528,1.55,,,81.0,,
11,2020-03-01,Iran,978.0,385.0,134.0,1.649,1.5659999999999998,,,134.0,,
12,2020-03-02,Iran,1501.0,523.0,206.0,1.535,1.5830000000000002,,,206.0,,
13,2020-03-03,Iran,2336.0,835.0,320.0,1.556,1.5830000000000002,,,320.0,,
14,2020-03-04,Iran,2922.0,586.0,398.0,1.251,1.5519999999999998,,,398.0,,
15,2020-03-05,Iran,3513.0,591.0,467.0,1.202,1.472,,,467.0,,
16,2020-03-06,Iran,4747.0,1234.0,623.0,1.351,1.439,,,623.0,,
17,2020-03-07,Iran,5823.0,1076.0,747.0,1.227,1.396,,,747.0,,
18,2020-03-08,Iran,6566.0,743.0,798.0,1.128,1.321,,,798.0,,
19,2020-03-09,Iran,7304.0,738.0,829.0,1.112,1.261,,,829.0,,
20,2020-03-10,Iran,8042.0,738.0,815.0,1.101,1.196,,,815.0,,
21,2020-03-11,Iran,9000.0,958.0,868.0,1.119,1.177,,,868.0,,
22,2020-03-12,Iran,10075.0,1075.0,937.0,1.119,1.165,,,937.0,,
23,2020-03-13,Iran,11364.0,1289.0,945.0,1.128,1.133,,,945.0,,
24,2020-03-14,Iran,12729.0,1365.0,987.0,1.12,1.1179999999999999,,,987.0,,
25,2020-03-15,Iran,13860.0,1131.0,1042.0,1.089,1.113,,,1042.0,,
26,2020-03-16,Iran,15053.0,1193.0,1107.0,1.0859999999999999,1.109,,,1107.0,,
27,2020-03-17,Iran,16176.0,1123.0,1162.0,1.075,1.105,,,1162.0,,
28,2020-03-18,Iran,17288.0,1112.0,1184.0,1.069,1.0979999999999999,19091.0,,1184.0,,
29,2020-03-19,Iran,18502.0,1214.0,1204.0,1.07,1.091,19709.0,618.0,1204.0,1.032,
30,2020-03-20,Iran,19508.0,1006.0,1163.0,1.054,1.08,20555.0,846.0,1163.0,1.043,
31,2020-03-21,Iran,20641.0,1133.0,1130.0,1.058,1.072,21687.0,1132.0,1130.0,1.055,
32,2020-03-22,Iran,21829.0,1188.0,1138.0,1.058,1.067,23153.0,1466.0,1138.0,1.068,
33,2020-03-23,Iran,23224.0,1395.0,1167.0,1.064,1.064,24983.0,1830.0,1167.0,1.079,
34,2020-03-24,Iran,25033.0,1809.0,1265.0,1.078,1.064,27175.0,2192.0,1265.0,1.088,
35,2020-03-25,Iran,27108.0,2075.0,1403.0,1.083,1.0659999999999998,29693.0,2518.0,1403.0,1.093,1.065
36,2020-03-26,Iran,29674.0,2566.0,1596.0,1.095,1.07,32469.0,2776.0,1596.0,1.093,1.074
37,2020-03-27,Iran,32407.0,2733.0,1843.0,1.092,1.075,35420.0,2951.0,1843.0,1.091,1.081
38,2020-03-28,Iran,35320.0,2913.0,2097.0,1.09,1.08,38462.0,3042.0,2097.0,1.086,1.085
39,2020-03-29,Iran,38451.0,3131.0,2375.0,1.089,1.084,41521.0,3059.0,2375.0,1.08,1.087
40,2020-03-30,Iran,41457.0,3006.0,2605.0,1.078,1.0859999999999999,44540.0,3019.0,2605.0,1.073,1.086
41,2020-03-31,Iran,44544.0,3087.0,2787.0,1.074,1.0859999999999999,47477.0,2937.0,2787.0,1.066,1.083
42,2020-04-01,Iran,47536.0,2992.0,2918.0,1.067,1.084,50307.0,2830.0,2918.0,1.06,1.078
43,2020-04-02,Iran,50388.0,2852.0,2959.0,1.06,1.079,53013.0,2706.0,2959.0,1.054,1.073
44,2020-04-03,Iran,53105.0,2717.0,2957.0,1.054,1.073,55588.0,2575.0,2957.0,1.049,1.067
45,2020-04-04,Iran,55704.0,2599.0,2912.0,1.0490000000000002,1.067,58029.0,2441.0,2912.0,1.044,1.061
46,2020-04-05,Iran,58121.0,2417.0,2810.0,1.043,1.061,60338.0,2309.0,2810.0,1.04,1.055
47,2020-04-06,Iran,60407.0,2286.0,2707.0,1.0390000000000001,1.055,62518.0,2180.0,2707.0,1.036,1.05
48,2020-04-07,Iran,62543.0,2136.0,2571.0,1.035,1.05,64575.0,2057.0,2571.0,1.033,1.045
49,2020-04-08,Iran,64404.0,1861.0,2410.0,1.03,1.044,66513.0,1938.0,2410.0,1.03,1.041
50,2020-04-09,Iran,66389.0,1985.0,2286.0,1.031,1.04,68339.0,1826.0,2286.0,1.027,1.037
51,2020-04-10,Iran,68124.0,1735.0,2146.0,1.026,1.036,70059.0,1720.0,2146.0,1.025,1.034
52,2020-04-11,Iran,69939.0,1815.0,2034.0,1.0270000000000001,1.033,71677.0,1618.0,2034.0,1.023,1.031
53,2020-04-12,Iran,71666.0,1727.0,1935.0,1.025,1.03,73201.0,1524.0,1935.0,1.021,1.028
54,2020-04-13,Iran,73281.0,1615.0,1839.0,1.023,1.028,74635.0,1434.0,1839.0,1.02,1.026
55,2020-04-14,Iran,74846.0,1565.0,1758.0,1.021,1.026,75984.0,1349.0,1758.0,1.018,1.023
56,2020-04-15,Iran,76436.0,1590.0,1719.0,1.021,1.025,77254.0,1270.0,1719.0,1.017,1.022
57,2020-04-16,Iran,77941.0,1505.0,1650.0,1.02,1.023,78448.0,1194.0,1650.0,1.015,1.02
58,2020-04-17,Iran,79431.0,1490.0,1615.0,1.0190000000000001,1.022,79573.0,1125.0,1615.0,1.014,1.018
59,2020-04-18,Iran,80852.0,1421.0,1559.0,1.018,1.021,80630.0,1057.0,1559.0,1.013,1.017
60,2020-04-19,Iran,82186.0,1334.0,1503.0,1.016,1.02,81626.0,996.0,1503.0,1.012,1.016
61,2020-04-20,Iran,83506.0,1320.0,1461.0,1.016,1.0190000000000001,82562.0,936.0,1461.0,1.011,1.014
62,2020-04-21,Iran,84750.0,1244.0,1415.0,1.015,1.018,83444.0,882.0,1415.0,1.011,1.013
63,2020-04-22,Iran,85914.0,1164.0,1354.0,1.014,1.0170000000000001,84273.0,829.0,1354.0,1.01,1.012
64,2020-04-23,Iran,87095.0,1181.0,1308.0,1.014,1.016,85053.0,780.0,1308.0,1.009,1.011
65,2020-04-24,Iran,88177.0,1082.0,1249.0,1.012,1.015,85787.0,734.0,1249.0,1.009,1.011
66,2020-04-25,Iran,89337.0,1160.0,1212.0,1.013,1.014,86478.0,691.0,1212.0,1.008,1.01
67,2020-04-26,Iran,90481.0,1144.0,1185.0,1.013,1.014,87127.0,649.0,1185.0,1.008,1.009
68,2020-04-27,Iran,,,,,,87739.0,612.0,605.0,1.007,1.009
69,2020-04-28,Iran,,,,,,88314.0,575.0,509.0,1.007,1.008
70,2020-04-29,Iran,,,,,,88856.0,542.0,420.0,1.006,1.008
71,2020-04-30,Iran,,,,,,89365.0,509.0,324.0,1.006,1.007
72,2020-05-01,Iran,,,,,,89844.0,479.0,238.0,1.005,1.007
73,2020-05-02,Iran,,,,,,90295.0,451.0,137.0,1.005,1.006
74,2020-05-03,Iran,,,,,,90719.0,424.0,34.0,1.005,1.006
75,2020-05-04,Iran,,,,,,91119.0,400.0,483.0,1.004,1.005
76,2020-05-05,Iran,,,,,,91494.0,375.0,454.0,1.004,1.005
77,2020-05-06,Iran,,,,,,91848.0,354.0,427.0,1.004,1.005
78,2020-05-07,Iran,,,,,,92180.0,332.0,402.0,1.004,1.004
79,2020-05-08,Iran,,,,,,92493.0,313.0,378.0,1.003,1.004
80,2020-05-09,Iran,,,,,,92787.0,294.0,356.0,1.003,1.004
81,2020-05-10,Iran,,,,,,93064.0,277.0,335.0,1.003,1.004
82,2020-05-11,Iran,,,,,,93325.0,261.0,315.0,1.003,1.003
83,2020-05-12,Iran,,,,,,93570.0,245.0,297.0,1.003,1.003
84,2020-05-13,Iran,,,,,,93801.0,231.0,279.0,1.002,1.003
85,2020-05-14,Iran,,,,,,94018.0,217.0,263.0,1.002,1.003
86,2020-05-15,Iran,,,,,,94222.0,204.0,247.0,1.002,1.003
87,2020-05-16,Iran,,,,,,94415.0,193.0,233.0,1.002,1.002
88,2020-05-17,Iran,,,,,,94595.0,180.0,219.0,1.002,1.002
89,2020-05-18,Iran,,,,,,94766.0,171.0,206.0,1.002,1.002
90,2020-05-19,Iran,,,,,,94926.0,160.0,194.0,1.002,1.002
91,2020-05-20,Iran,,,,,,95076.0,150.0,182.0,1.002,1.002
92,2020-05-21,Iran,,,,,,95218.0,142.0,171.0,1.001,1.002
93,2020-05-22,Iran,,,,,,95351.0,133.0,161.0,1.001,1.002
94,2020-05-23,Iran,,,,,,95477.0,126.0,152.0,1.001,1.002
95,2020-05-24,Iran,,,,,,95595.0,118.0,143.0,1.001,1.001
96,2020-05-25,Iran,,,,,,95706.0,111.0,134.0,1.001,1.001
97,2020-05-26,Iran,,,,,,95811.0,105.0,126.0,1.001,1.001
98,2020-05-27,Iran,,,,,,95909.0,98.0,119.0,1.001,1.001
99,2020-05-28,Iran,,,,,,96002.0,93.0,112.0,1.001,1.001
100,2020-05-29,Iran,,,,,,96089.0,87.0,105.0,1.001,1.001
101,2020-05-30,Iran,,,,,,96171.0,82.0,99.0,1.001,1.001
102,2020-05-31,Iran,,,,,,96248.0,77.0,93.0,1.001,1.001
103,2020-06-01,Iran,,,,,,96320.0,72.0,88.0,1.001,1.001
104,2020-06-02,Iran,,,,,,96388.0,68.0,82.0,1.001,1.001
105,2020-06-03,Iran,,,,,,96453.0,65.0,78.0,1.001,1.001
106,2020-06-04,Iran,,,,,,96513.0,60.0,73.0,1.001,1.001
107,2020-06-05,Iran,,,,,,96570.0,57.0,69.0,1.001,1.001
108,2020-06-06,Iran,,,,,,96623.0,53.0,65.0,1.001,1.001
109,2020-06-07,Iran,,,,,,96674.0,51.0,61.0,1.001,1.001
110,2020-06-08,Iran,,,,,,96721.0,47.0,57.0,1.0,1.001
111,2020-06-09,Iran,,,,,,96766.0,45.0,54.0,1.0,1.001
112,2020-06-10,Iran,,,,,,96807.0,41.0,51.0,1.0,1.001
113,2020-06-11,Iran,,,,,,96847.0,40.0,48.0,1.0,1.0
114,2020-06-12,Iran,,,,,,96884.0,37.0,45.0,1.0,1.0
115,2020-06-13,Iran,,,,,,96919.0,35.0,42.0,1.0,1.0
116,2020-06-14,Iran,,,,,,96952.0,33.0,40.0,1.0,1.0
117,2020-06-15,Iran,,,,,,96983.0,31.0,37.0,1.0,1.0
118,2020-06-16,Iran,,,,,,97012.0,29.0,35.0,1.0,1.0
119,2020-06-17,Iran,,,,,,97039.0,27.0,33.0,1.0,1.0
120,2020-06-18,Iran,,,,,,97065.0,26.0,31.0,1.0,1.0
121,2020-06-19,Iran,,,,,,97089.0,24.0,29.0,1.0,1.0
122,2020-06-20,Iran,,,,,,97112.0,23.0,28.0,1.0,1.0
123,2020-06-21,Iran,,,,,,97133.0,21.0,26.0,1.0,1.0
124,2020-06-22,Iran,,,,,,97154.0,21.0,24.0,1.0,1.0
125,2020-06-23,Iran,,,,,,97173.0,19.0,23.0,1.0,1.0
126,2020-06-24,Iran,,,,,,97190.0,17.0,22.0,1.0,1.0
127,2020-06-25,Iran,,,,,,97207.0,17.0,20.0,1.0,1.0
128,2020-06-26,Iran,,,,,,97223.0,16.0,19.0,1.0,1.0
129,2020-06-27,Iran,,,,,,97238.0,15.0,18.0,1.0,1.0
130,2020-06-28,Iran,,,,,,97252.0,14.0,17.0,1.0,1.0
131,2020-06-29,Iran,,,,,,97265.0,13.0,16.0,1.0,1.0
132,2020-06-30,Iran,,,,,,97278.0,13.0,15.0,1.0,1.0
133,2020-07-01,Iran,,,,,,97289.0,11.0,14.0,1.0,1.0
134,2020-07-02,Iran,,,,,,97300.0,11.0,13.0,1.0,1.0
135,2020-07-03,Iran,,,,,,97311.0,11.0,13.0,1.0,1.0
136,2020-07-04,Iran,,,,,,97320.0,9.0,12.0,1.0,1.0
137,2020-07-05,Iran,,,,,,97329.0,9.0,11.0,1.0,1.0
138,2020-07-06,Iran,,,,,,97338.0,9.0,10.0,1.0,1.0
139,2020-07-07,Iran,,,,,,97346.0,8.0,10.0,1.0,1.0
140,2020-07-08,Iran,,,,,,97354.0,8.0,9.0,1.0,1.0
141,2020-07-09,Iran,,,,,,97361.0,7.0,9.0,1.0,1.0
142,2020-07-10,Iran,,,,,,97368.0,7.0,8.0,1.0,1.0
143,2020-07-11,Iran,,,,,,97374.0,6.0,8.0,1.0,1.0
144,2020-07-12,Iran,,,,,,97380.0,6.0,7.0,1.0,1.0
145,2020-07-13,Iran,,,,,,97386.0,6.0,7.0,1.0,1.0
146,2020-07-14,Iran,,,,,,97391.0,5.0,6.0,1.0,1.0
147,2020-07-15,Iran,,,,,,97396.0,5.0,6.0,1.0,1.0
148,2020-07-16,Iran,,,,,,97400.0,4.0,6.0,1.0,1.0
149,2020-07-17,Iran,,,,,,97405.0,5.0,5.0,1.0,1.0
150,2020-07-18,Iran,,,,,,97409.0,4.0,5.0,1.0,1.0
151,2020-07-19,Iran,,,,,,97413.0,4.0,5.0,1.0,1.0
152,2020-07-20,Iran,,,,,,97417.0,4.0,4.0,1.0,1.0
153,2020-07-21,Iran,,,,,,97420.0,3.0,4.0,1.0,1.0
154,2020-07-22,Iran,,,,,,97423.0,3.0,4.0,1.0,1.0
155,2020-07-23,Iran,,,,,,97426.0,3.0,4.0,1.0,1.0
156,2020-07-24,Iran,,,,,,97429.0,3.0,3.0,1.0,1.0
157,2020-07-25,Iran,,,,,,97432.0,3.0,3.0,1.0,1.0
158,2020-07-26,Iran,,,,,,97434.0,2.0,3.0,1.0,1.0
159,2020-07-27,Iran,,,,,,97437.0,3.0,3.0,1.0,1.0
160,2020-07-28,Iran,,,,,,97439.0,2.0,3.0,1.0,1.0
161,2020-07-29,Iran,,,,,,97441.0,2.0,3.0,1.0,1.0
162,2020-07-30,Iran,,,,,,97443.0,2.0,2.0,1.0,1.0
163,2020-07-31,Iran,,,,,,97445.0,2.0,2.0,1.0,1.0
164,2020-08-01,Iran,,,,,,97447.0,2.0,2.0,1.0,1.0
165,2020-08-02,Iran,,,,,,97449.0,2.0,2.0,1.0,1.0
166,2020-08-03,Iran,,,,,,97450.0,1.0,2.0,1.0,1.0
167,2020-08-04,Iran,,,,,,97452.0,2.0,2.0,1.0,1.0
168,2020-08-05,Iran,,,,,,97453.0,1.0,2.0,1.0,1.0
169,2020-08-06,Iran,,,,,,97454.0,1.0,2.0,1.0,1.0
170,2020-08-07,Iran,,,,,,97455.0,1.0,1.0,1.0,1.0
171,2020-08-08,Iran,,,,,,97457.0,2.0,1.0,1.0,1.0
172,2020-08-09,Iran,,,,,,97458.0,1.0,1.0,1.0,1.0
173,2020-08-10,Iran,,,,,,97459.0,1.0,1.0,1.0,1.0
174,2020-08-11,Iran,,,,,,97460.0,1.0,1.0,1.0,1.0
175,2020-08-12,Iran,,,,,,97461.0,1.0,1.0,1.0,1.0
176,2020-08-13,Iran,,,,,,97461.0,0.0,1.0,1.0,1.0
177,2020-08-14,Iran,,,,,,97462.0,1.0,1.0,1.0,1.0
178,2020-08-15,Iran,,,,,,97463.0,1.0,1.0,1.0,1.0
179,2020-08-16,Iran,,,,,,97464.0,1.0,1.0,1.0,1.0
180,2020-08-17,Iran,,,,,,97464.0,0.0,1.0,1.0,1.0
181,2020-08-18,Iran,,,,,,97465.0,1.0,1.0,1.0,1.0
182,2020-08-19,Iran,,,,,,97466.0,1.0,1.0,1.0,1.0
183,2020-08-20,Iran,,,,,,97466.0,0.0,1.0,1.0,1.0
184,2020-08-21,Iran,,,,,,97467.0,1.0,1.0,1.0,1.0
185,2020-08-22,Iran,,,,,,97467.0,0.0,1.0,1.0,1.0
186,2020-08-23,Iran,,,,,,97468.0,1.0,1.0,1.0,1.0
187,2020-08-24,Iran,,,,,,97468.0,0.0,1.0,1.0,1.0
188,2020-08-25,Iran,,,,,,97468.0,0.0,0.0,1.0,1.0
189,2020-08-26,Iran,,,,,,97469.0,1.0,0.0,1.0,1.0
190,2020-08-27,Iran,,,,,,97469.0,0.0,0.0,1.0,1.0
191,2020-08-28,Iran,,,,,,97470.0,1.0,0.0,1.0,1.0
192,2020-08-29,Iran,,,,,,97470.0,0.0,0.0,1.0,1.0
193,2020-08-30,Iran,,,,,,97470.0,0.0,0.0,1.0,1.0
194,2020-08-31,Iran,,,,,,97470.0,0.0,0.0,1.0,1.0
195,2020-09-01,Iran,,,,,,97471.0,1.0,0.0,1.0,1.0
196,2020-09-02,Iran,,,,,,97471.0,0.0,0.0,1.0,1.0
197,2020-09-03,Iran,,,,,,97471.0,0.0,0.0,1.0,1.0
198,2020-09-04,Iran,,,,,,97471.0,0.0,0.0,1.0,1.0
199,2020-09-05,Iran,,,,,,97472.0,1.0,0.0,1.0,1.0
200,2020-09-06,Iran,,,,,,97472.0,0.0,0.0,1.0,1.0
201,2020-09-07,Iran,,,,,,97472.0,0.0,0.0,1.0,1.0
202,2020-09-08,Iran,,,,,,97472.0,0.0,0.0,1.0,1.0
203,2020-09-09,Iran,,,,,,97472.0,0.0,0.0,1.0,1.0
204,2020-09-10,Iran,,,,,,97473.0,1.0,0.0,1.0,1.0
205,2020-09-11,Iran,,,,,,97473.0,0.0,0.0,1.0,1.0
206,2020-09-12,Iran,,,,,,97473.0,0.0,0.0,1.0,1.0
207,2020-09-13,Iran,,,,,,97473.0,0.0,0.0,1.0,1.0
208,2020-09-14,Iran,,,,,,97473.0,0.0,0.0,1.0,1.0
209,2020-09-15,Iran,,,,,,97473.0,0.0,0.0,1.0,1.0
210,2020-09-16,Iran,,,,,,97473.0,0.0,0.0,1.0,1.0
211,2020-09-17,Iran,,,,,,97473.0,0.0,0.0,1.0,1.0
212,2020-09-18,Iran,,,,,,97473.0,0.0,0.0,1.0,1.0
213,2020-09-19,Iran,,,,,,97474.0,1.0,0.0,1.0,1.0
214,2020-09-20,Iran,,,,,,97474.0,0.0,0.0,1.0,1.0
215,2020-09-21,Iran,,,,,,97474.0,0.0,0.0,1.0,1.0
216,2020-09-22,Iran,,,,,,97474.0,0.0,0.0,1.0,1.0
217,2020-09-23,Iran,,,,,,97474.0,0.0,0.0,1.0,1.0
