,date,country,confirmed,new_confirmed,new_conf_avg_7,growth,growth_avg_7,predict,new_predict,new_pred_avg_7,p_growth,p_gr_avg_7
0,2020-01-22,South Korea,1.0,1.0,,0.0,1.0,,,,,
1,2020-01-23,South Korea,1.0,0.0,,1.0,1.0,,,,,
2,2020-01-24,South Korea,2.0,1.0,,2.0,1.001,,,,,
3,2020-01-25,South Korea,2.0,0.0,,1.0,1.001,,,,,
4,2020-01-26,South Korea,3.0,1.0,,1.5,1.072,,,,,
5,2020-01-27,South Korea,4.0,1.0,,1.3330000000000002,1.12,,,,,
6,2020-01-28,South Korea,4.0,0.0,1.0,1.0,1.119,,,,,
7,2020-01-29,South Korea,4.0,0.0,0.0,1.0,1.262,,,0.0,,
8,2020-01-30,South Korea,7.0,3.0,1.0,1.75,1.369,,,1.0,,
9,2020-01-31,South Korea,11.0,4.0,1.0,1.571,1.308,,,1.0,,
10,2020-02-01,South Korea,12.0,1.0,1.0,1.091,1.321,,,1.0,,
11,2020-02-02,South Korea,15.0,3.0,2.0,1.25,1.285,,,2.0,,
12,2020-02-03,South Korea,15.0,0.0,2.0,1.0,1.237,,,2.0,,
13,2020-02-04,South Korea,16.0,1.0,2.0,1.067,1.247,,,2.0,,
14,2020-02-05,South Korea,19.0,3.0,2.0,1.188,1.274,,,2.0,,
15,2020-02-06,South Korea,23.0,4.0,2.0,1.2109999999999999,1.197,,,2.0,,
16,2020-02-07,South Korea,24.0,1.0,2.0,1.043,1.121,,,2.0,,
17,2020-02-08,South Korea,24.0,0.0,2.0,1.0,1.1079999999999999,,,2.0,,
18,2020-02-09,South Korea,25.0,1.0,1.0,1.042,1.079,,,1.0,,
19,2020-02-10,South Korea,27.0,2.0,2.0,1.08,1.09,,,2.0,,
20,2020-02-11,South Korea,28.0,1.0,2.0,1.037,1.0859999999999999,,,2.0,,
21,2020-02-12,South Korea,28.0,0.0,1.0,1.0,1.0590000000000002,,,1.0,,
22,2020-02-13,South Korea,28.0,0.0,1.0,1.0,1.0290000000000001,,,1.0,,
23,2020-02-14,South Korea,28.0,0.0,1.0,1.0,1.023,,,1.0,,
24,2020-02-15,South Korea,28.0,0.0,1.0,1.0,1.023,,,1.0,,
25,2020-02-16,South Korea,29.0,1.0,1.0,1.036,1.022,,,1.0,,
26,2020-02-17,South Korea,30.0,1.0,0.0,1.034,1.015,,,0.0,,
27,2020-02-18,South Korea,31.0,1.0,0.0,1.033,1.015,,,0.0,,
28,2020-02-19,South Korea,67.0,36.0,6.0,2.161,1.181,,,6.0,,
29,2020-02-20,South Korea,104.0,37.0,11.0,1.5519999999999998,1.2590000000000001,,,11.0,,
30,2020-02-21,South Korea,204.0,100.0,25.0,1.962,1.3969999999999998,,,25.0,,
31,2020-02-22,South Korea,433.0,229.0,58.0,2.123,1.557,,,58.0,,
32,2020-02-23,South Korea,602.0,169.0,82.0,1.39,1.608,,,82.0,,
33,2020-02-24,South Korea,833.0,231.0,115.0,1.3840000000000001,1.6580000000000001,,,115.0,,
34,2020-02-25,South Korea,977.0,144.0,135.0,1.173,1.6780000000000002,,,135.0,,
35,2020-02-26,South Korea,1261.0,284.0,171.0,1.291,1.554,,,171.0,,
36,2020-02-27,South Korea,1766.0,505.0,237.0,1.4,1.5319999999999998,,,237.0,,
37,2020-02-28,South Korea,2337.0,571.0,305.0,1.3230000000000002,1.4409999999999998,2175.0,,305.0,,
38,2020-02-29,South Korea,3150.0,813.0,388.0,1.348,1.33,3600.0,1425.0,388.0,1.655,
39,2020-03-01,South Korea,3736.0,586.0,448.0,1.186,1.301,4541.0,941.0,448.0,1.261,
40,2020-03-02,South Korea,4335.0,599.0,500.0,1.16,1.2690000000000001,5224.0,683.0,500.0,1.15,
41,2020-03-03,South Korea,5186.0,851.0,601.0,1.196,1.272,5752.0,528.0,601.0,1.101,
42,2020-03-04,South Korea,5621.0,435.0,623.0,1.084,1.242,6176.0,424.0,623.0,1.074,
43,2020-03-05,South Korea,6088.0,467.0,617.0,1.083,1.197,6527.0,351.0,617.0,1.057,
44,2020-03-06,South Korea,6593.0,505.0,608.0,1.083,1.163,6825.0,298.0,608.0,1.046,1.192
45,2020-03-07,South Korea,7041.0,448.0,556.0,1.068,1.123,7081.0,256.0,556.0,1.038,1.104
46,2020-03-08,South Korea,7314.0,273.0,511.0,1.0390000000000001,1.102,7306.0,225.0,511.0,1.032,1.071
47,2020-03-09,South Korea,7478.0,164.0,449.0,1.022,1.082,7505.0,199.0,449.0,1.027,1.054
48,2020-03-10,South Korea,7513.0,35.0,332.0,1.005,1.055,7683.0,178.0,332.0,1.024,1.043
49,2020-03-11,South Korea,7755.0,242.0,305.0,1.032,1.047,7844.0,161.0,305.0,1.021,1.035
50,2020-03-12,South Korea,7869.0,114.0,254.0,1.015,1.038,7991.0,147.0,254.0,1.019,1.03
51,2020-03-13,South Korea,7979.0,110.0,198.0,1.014,1.028,8125.0,134.0,198.0,1.017,1.025
52,2020-03-14,South Korea,8086.0,107.0,149.0,1.013,1.02,8248.0,123.0,149.0,1.015,1.022
53,2020-03-15,South Korea,8162.0,76.0,121.0,1.0090000000000001,1.016,8362.0,114.0,121.0,1.014,1.02
54,2020-03-16,South Korea,8236.0,74.0,108.0,1.0090000000000001,1.014,8468.0,106.0,108.0,1.013,1.018
55,2020-03-17,South Korea,8320.0,84.0,115.0,1.01,1.015,8567.0,99.0,115.0,1.012,1.016
56,2020-03-18,South Korea,8413.0,93.0,94.0,1.011,1.012,8659.0,92.0,94.0,1.011,1.014
57,2020-03-19,South Korea,8565.0,152.0,99.0,1.018,1.012,8746.0,87.0,99.0,1.01,1.013
58,2020-03-20,South Korea,8652.0,87.0,96.0,1.01,1.011,8828.0,82.0,96.0,1.009,1.012
59,2020-03-21,South Korea,8799.0,147.0,102.0,1.0170000000000001,1.012,8905.0,77.0,102.0,1.009,1.011
60,2020-03-22,South Korea,8897.0,98.0,105.0,1.011,1.012,8978.0,73.0,105.0,1.008,1.01
61,2020-03-23,South Korea,8961.0,64.0,104.0,1.0070000000000001,1.012,9048.0,70.0,104.0,1.008,1.01
62,2020-03-24,South Korea,9037.0,76.0,102.0,1.008,1.012,9114.0,66.0,102.0,1.007,1.009
63,2020-03-25,South Korea,9137.0,100.0,103.0,1.011,1.012,9177.0,63.0,103.0,1.007,1.008
64,2020-03-26,South Korea,9241.0,104.0,97.0,1.011,1.011,9237.0,60.0,97.0,1.007,1.008
65,2020-03-27,South Korea,9332.0,91.0,97.0,1.01,1.011,9294.0,57.0,97.0,1.006,1.007
66,2020-03-28,South Korea,9478.0,146.0,97.0,1.016,1.011,9349.0,55.0,97.0,1.006,1.007
67,2020-03-29,South Korea,9583.0,105.0,98.0,1.011,1.011,9402.0,53.0,98.0,1.006,1.007
68,2020-03-30,South Korea,9661.0,78.0,100.0,1.008,1.011,9452.0,50.0,100.0,1.005,1.006
69,2020-03-31,South Korea,9786.0,125.0,107.0,1.013,1.011,9501.0,49.0,107.0,1.005,1.006
70,2020-04-01,South Korea,9887.0,101.0,107.0,1.01,1.011,9548.0,47.0,107.0,1.005,1.006
71,2020-04-02,South Korea,9976.0,89.0,105.0,1.0090000000000001,1.011,9593.0,45.0,105.0,1.005,1.005
72,2020-04-03,South Korea,10062.0,86.0,104.0,1.0090000000000001,1.011,9636.0,43.0,104.0,1.004,1.005
73,2020-04-04,South Korea,10156.0,94.0,97.0,1.0090000000000001,1.01,9678.0,42.0,97.0,1.004,1.005
74,2020-04-05,South Korea,10237.0,81.0,93.0,1.008,1.0090000000000001,9719.0,41.0,93.0,1.004,1.005
75,2020-04-06,South Korea,10284.0,47.0,89.0,1.005,1.0090000000000001,9758.0,39.0,89.0,1.004,1.004
76,2020-04-07,South Korea,10331.0,47.0,78.0,1.005,1.008,9796.0,38.0,78.0,1.004,1.004
77,2020-04-08,South Korea,10384.0,53.0,71.0,1.005,1.0070000000000001,9833.0,37.0,71.0,1.004,1.004
78,2020-04-09,South Korea,10423.0,39.0,64.0,1.004,1.006,9869.0,36.0,64.0,1.004,1.004
79,2020-04-10,South Korea,10450.0,27.0,55.0,1.003,1.006,9903.0,34.0,55.0,1.003,1.004
80,2020-04-11,South Korea,10480.0,30.0,46.0,1.003,1.005,9937.0,34.0,46.0,1.003,1.004
81,2020-04-12,South Korea,10512.0,32.0,39.0,1.003,1.004,9970.0,33.0,39.0,1.003,1.004
82,2020-04-13,South Korea,10537.0,25.0,36.0,1.002,1.004,10001.0,31.0,36.0,1.003,1.003
83,2020-04-14,South Korea,10564.0,27.0,33.0,1.003,1.003,10032.0,31.0,33.0,1.003,1.003
84,2020-04-15,South Korea,10591.0,27.0,30.0,1.003,1.003,10062.0,30.0,30.0,1.003,1.003
85,2020-04-16,South Korea,10613.0,22.0,27.0,1.002,1.003,10092.0,30.0,27.0,1.003,1.003
86,2020-04-17,South Korea,10635.0,22.0,26.0,1.002,1.003,10120.0,28.0,26.0,1.003,1.003
87,2020-04-18,South Korea,10653.0,18.0,25.0,1.002,1.002,10148.0,28.0,25.0,1.003,1.003
88,2020-04-19,South Korea,10661.0,8.0,21.0,1.001,1.002,10175.0,27.0,21.0,1.003,1.003
89,2020-04-20,South Korea,10674.0,13.0,20.0,1.001,1.002,10202.0,27.0,20.0,1.003,1.003
90,2020-04-21,South Korea,10683.0,9.0,17.0,1.001,1.002,10227.0,25.0,17.0,1.002,1.003
91,2020-04-22,South Korea,10694.0,11.0,15.0,1.001,1.001,10253.0,26.0,15.0,1.003,1.003
92,2020-04-23,South Korea,10708.0,14.0,14.0,1.001,1.001,10277.0,24.0,14.0,1.002,1.003
93,2020-04-24,South Korea,10718.0,10.0,12.0,1.001,1.001,10301.0,24.0,12.0,1.002,1.003
94,2020-04-25,South Korea,10728.0,10.0,11.0,1.001,1.001,10325.0,24.0,11.0,1.002,1.002
95,2020-04-26,South Korea,10738.0,10.0,11.0,1.001,1.001,10348.0,23.0,11.0,1.002,1.002
96,2020-04-27,South Korea,10752.0,14.0,11.0,1.001,1.001,10370.0,22.0,11.0,1.002,1.002
97,2020-04-28,South Korea,10761.0,9.0,11.0,1.001,1.001,10392.0,22.0,11.0,1.002,1.002
98,2020-04-29,South Korea,10765.0,4.0,10.0,1.0,1.001,10414.0,22.0,10.0,1.002,1.002
99,2020-04-30,South Korea,10774.0,9.0,9.0,1.001,1.001,10435.0,21.0,9.0,1.002,1.002
100,2020-05-01,South Korea,10780.0,6.0,9.0,1.001,1.001,10456.0,21.0,9.0,1.002,1.002
101,2020-05-02,South Korea,10793.0,13.0,9.0,1.001,1.001,10476.0,20.0,9.0,1.002,1.002
102,2020-05-03,South Korea,,,,,,10496.0,20.0,-35.0,1.002,1.002
103,2020-05-04,South Korea,,,,,,10515.0,19.0,-34.0,1.002,1.002
104,2020-05-05,South Korea,,,,,,10534.0,19.0,-32.0,1.002,1.002
105,2020-05-06,South Korea,,,,,,10553.0,19.0,-30.0,1.002,1.002
106,2020-05-07,South Korea,,,,,,10571.0,18.0,-29.0,1.002,1.002
107,2020-05-08,South Korea,,,,,,10589.0,18.0,-27.0,1.002,1.002
108,2020-05-09,South Korea,,,,,,10607.0,18.0,-27.0,1.002,1.002
109,2020-05-10,South Korea,,,,,,10625.0,18.0,18.0,1.002,1.002
110,2020-05-11,South Korea,,,,,,10642.0,17.0,18.0,1.002,1.002
111,2020-05-12,South Korea,,,,,,10658.0,16.0,18.0,1.002,1.002
112,2020-05-13,South Korea,,,,,,10675.0,17.0,17.0,1.002,1.002
113,2020-05-14,South Korea,,,,,,10691.0,16.0,17.0,1.001,1.002
114,2020-05-15,South Korea,,,,,,10707.0,16.0,17.0,1.001,1.002
115,2020-05-16,South Korea,,,,,,10722.0,15.0,16.0,1.001,1.002
116,2020-05-17,South Korea,,,,,,10738.0,16.0,16.0,1.001,1.001
117,2020-05-18,South Korea,,,,,,10753.0,15.0,16.0,1.001,1.001
118,2020-05-19,South Korea,,,,,,10767.0,14.0,16.0,1.001,1.001
119,2020-05-20,South Korea,,,,,,10782.0,15.0,15.0,1.001,1.001
120,2020-05-21,South Korea,,,,,,10796.0,14.0,15.0,1.001,1.001
121,2020-05-22,South Korea,,,,,,10810.0,14.0,15.0,1.001,1.001
122,2020-05-23,South Korea,,,,,,10824.0,14.0,15.0,1.001,1.001
123,2020-05-24,South Korea,,,,,,10838.0,14.0,14.0,1.001,1.001
124,2020-05-25,South Korea,,,,,,10851.0,13.0,14.0,1.001,1.001
125,2020-05-26,South Korea,,,,,,10864.0,13.0,14.0,1.001,1.001
126,2020-05-27,South Korea,,,,,,10877.0,13.0,14.0,1.001,1.001
