,date,country,confirmed,new_confirmed,new_conf_avg_7,growth,growth_avg_7,predict,new_predict,new_pred_avg_7,p_growth,p_gr_avg_7
0,2020-01-31,Sweden,1.0,1.0,,0.0,1.0,0,,,1.0,
1,2020-02-01,Sweden,1.0,0.0,,1.0,1.0,0,0.0,,0.0,
2,2020-02-02,Sweden,1.0,0.0,,1.0,1.0,0,0.0,,0.0,
3,2020-02-03,Sweden,1.0,0.0,,1.0,1.0,0,0.0,,0.0,
4,2020-02-04,Sweden,1.0,0.0,,1.0,1.0,0,0.0,,0.0,
5,2020-02-05,Sweden,1.0,0.0,,1.0,1.0,0,0.0,,0.0,
6,2020-02-06,Sweden,1.0,0.0,0.0,1.0,1.0,0,0.0,,0.0,1.0
7,2020-02-07,Sweden,1.0,0.0,0.0,1.0,1.0,0,0.0,0.0,0.0,1.0
8,2020-02-08,Sweden,1.0,0.0,0.0,1.0,1.0,0,0.0,0.0,0.0,1.0
9,2020-02-09,Sweden,1.0,0.0,0.0,1.0,1.0,0,0.0,0.0,0.0,1.0
10,2020-02-10,Sweden,1.0,0.0,0.0,1.0,1.0,0,0.0,0.0,0.0,1.0
11,2020-02-11,Sweden,1.0,0.0,0.0,1.0,1.0,0,0.0,0.0,0.0,1.0
12,2020-02-12,Sweden,1.0,0.0,0.0,1.0,1.0,0,0.0,0.0,0.0,1.0
13,2020-02-13,Sweden,1.0,0.0,0.0,1.0,1.0,0,0.0,0.0,0.0,1.0
14,2020-02-14,Sweden,1.0,0.0,0.0,1.0,1.0,0,0.0,0.0,0.0,1.0
15,2020-02-15,Sweden,1.0,0.0,0.0,1.0,1.0,0,0.0,0.0,0.0,1.0
16,2020-02-16,Sweden,1.0,0.0,0.0,1.0,1.0,0,0.0,0.0,0.0,1.0
17,2020-02-17,Sweden,1.0,0.0,0.0,1.0,1.0,0,0.0,0.0,0.0,1.0
18,2020-02-18,Sweden,1.0,0.0,0.0,1.0,1.0,0,0.0,0.0,0.0,1.0
19,2020-02-19,Sweden,1.0,0.0,0.0,1.0,1.0,0,0.0,0.0,0.0,1.0
20,2020-02-20,Sweden,1.0,0.0,0.0,1.0,1.0,0,0.0,0.0,0.0,1.0
21,2020-02-21,Sweden,1.0,0.0,0.0,1.0,1.0,3,3.0,0.0,0.0,1.0
22,2020-02-22,Sweden,1.0,0.0,0.0,1.0,1.0,8,5.0,0.0,2.667,1.0
23,2020-02-23,Sweden,1.0,0.0,0.0,1.0,1.0,13,5.0,0.0,1.625,1.0
24,2020-02-24,Sweden,1.0,0.0,0.0,1.0,1.0,20,7.0,0.0,1.538,1.0
25,2020-02-25,Sweden,1.0,0.0,0.0,1.0,1.0,28,8.0,0.0,1.4,1.033
26,2020-02-26,Sweden,2.0,1.0,0.0,2.0,1.143,37,9.0,0.0,1.321,1.222
27,2020-02-27,Sweden,7.0,5.0,1.0,3.5,1.5,48,11.0,1.0,1.297,1.407
28,2020-02-28,Sweden,9.0,2.0,1.0,1.286,1.541,61,13.0,1.0,1.271,1.588
29,2020-02-29,Sweden,12.0,3.0,2.0,1.3330000000000002,1.588,77,16.0,2.0,1.262,1.388
30,2020-03-01,Sweden,14.0,2.0,2.0,1.167,1.6119999999999999,95,18.0,2.0,1.234,1.332
31,2020-03-02,Sweden,17.0,3.0,2.0,1.214,1.643,117,22.0,2.0,1.232,1.288
32,2020-03-03,Sweden,21.0,4.0,3.0,1.235,1.676,142,25.0,3.0,1.214,1.262
33,2020-03-04,Sweden,35.0,14.0,5.0,1.6669999999999998,1.629,171,29.0,5.0,1.204,1.245
34,2020-03-05,Sweden,94.0,59.0,12.0,2.6860000000000004,1.5130000000000001,204,33.0,12.0,1.193,1.23
35,2020-03-06,Sweden,127.0,33.0,17.0,1.351,1.5219999999999998,243,39.0,17.0,1.191,1.219
36,2020-03-07,Sweden,161.0,34.0,21.0,1.268,1.5130000000000001,287,44.0,21.0,1.181,1.207
37,2020-03-08,Sweden,203.0,42.0,27.0,1.261,1.526,338,51.0,27.0,1.178,1.199
38,2020-03-09,Sweden,248.0,45.0,33.0,1.222,1.527,396,58.0,33.0,1.172,1.19
39,2020-03-10,Sweden,355.0,107.0,48.0,1.431,1.555,462,66.0,48.0,1.167,1.184
40,2020-03-11,Sweden,500.0,145.0,66.0,1.4080000000000001,1.518,537,75.0,66.0,1.162,1.178
41,2020-03-12,Sweden,599.0,99.0,72.0,1.198,1.306,621,84.0,72.0,1.156,1.172
42,2020-03-13,Sweden,814.0,215.0,98.0,1.359,1.307,715,94.0,98.0,1.151,1.167
43,2020-03-14,Sweden,961.0,147.0,114.0,1.181,1.294,821,106.0,114.0,1.148,1.162
44,2020-03-15,Sweden,1032.0,71.0,118.0,1.074,1.268,939,118.0,118.0,1.144,1.157
45,2020-03-16,Sweden,1106.0,74.0,123.0,1.072,1.246,1069,130.0,123.0,1.138,1.152
46,2020-03-17,Sweden,1191.0,85.0,119.0,1.077,1.196,1214,145.0,119.0,1.136,1.148
47,2020-03-18,Sweden,1314.0,123.0,116.0,1.103,1.1520000000000001,1373,159.0,116.0,1.131,1.143
48,2020-03-19,Sweden,1439.0,125.0,120.0,1.095,1.137,1548,175.0,120.0,1.127,1.139
49,2020-03-20,Sweden,1639.0,200.0,118.0,1.139,1.1059999999999999,1739,191.0,118.0,1.123,1.135
50,2020-03-21,Sweden,1786.0,147.0,118.0,1.09,1.093,1946,207.0,118.0,1.119,1.131
51,2020-03-22,Sweden,1904.0,118.0,125.0,1.0659999999999998,1.092,2172,226.0,125.0,1.116,1.127
52,2020-03-23,Sweden,2110.0,206.0,143.0,1.1079999999999999,1.097,2415,243.0,143.0,1.112,1.123
53,2020-03-24,Sweden,2286.0,176.0,156.0,1.083,1.0979999999999999,2677,262.0,156.0,1.108,1.119
54,2020-03-25,Sweden,2563.0,277.0,178.0,1.121,1.1,2958,281.0,178.0,1.105,1.116
55,2020-03-26,Sweden,2840.0,277.0,200.0,1.1079999999999999,1.102,3258,300.0,200.0,1.101,1.112
56,2020-03-27,Sweden,3143.0,303.0,215.0,1.107,1.0979999999999999,3577,319.0,215.0,1.098,1.108
57,2020-03-28,Sweden,3447.0,304.0,237.0,1.097,1.099,3916,339.0,237.0,1.095,1.105
58,2020-03-29,Sweden,3737.0,290.0,262.0,1.084,1.101,4274,358.0,262.0,1.091,1.101
59,2020-03-30,Sweden,4067.0,330.0,280.0,1.088,1.0979999999999999,4651,377.0,280.0,1.088,1.098
60,2020-03-31,Sweden,4487.0,420.0,314.0,1.103,1.101,5047,396.0,314.0,1.085,1.095
61,2020-04-01,Sweden,4947.0,460.0,341.0,1.103,1.099,5462,415.0,341.0,1.082,1.091
62,2020-04-02,Sweden,5568.0,621.0,390.0,1.126,1.101,5894,432.0,390.0,1.079,1.088
63,2020-04-03,Sweden,6005.0,437.0,409.0,1.078,1.097,6343,449.0,409.0,1.076,1.085
64,2020-04-04,Sweden,6480.0,475.0,433.0,1.079,1.094,6808,465.0,433.0,1.073,1.082
65,2020-04-05,Sweden,6824.0,344.0,441.0,1.053,1.09,7289,481.0,441.0,1.071,1.079
66,2020-04-06,Sweden,7261.0,437.0,456.0,1.064,1.087,7784,495.0,456.0,1.068,1.076
67,2020-04-07,Sweden,7812.0,551.0,475.0,1.0759999999999998,1.083,8292,508.0,475.0,1.065,1.073
68,2020-04-08,Sweden,8417.0,605.0,496.0,1.077,1.079,8813,521.0,496.0,1.063,1.071
69,2020-04-09,Sweden,9052.0,635.0,498.0,1.075,1.072,9345,532.0,498.0,1.06,1.068
70,2020-04-10,Sweden,9646.0,594.0,520.0,1.0659999999999998,1.07,9886,541.0,520.0,1.058,1.065
71,2020-04-11,Sweden,10084.0,438.0,515.0,1.045,1.065,10436,550.0,515.0,1.056,1.063
72,2020-04-12,Sweden,10549.0,465.0,532.0,1.046,1.064,10994,558.0,532.0,1.053,1.06
73,2020-04-13,Sweden,10964.0,415.0,529.0,1.0390000000000001,1.061,11557,563.0,529.0,1.051,1.058
74,2020-04-14,Sweden,11437.0,473.0,518.0,1.043,1.056,12125,568.0,518.0,1.049,1.056
75,2020-04-15,Sweden,11992.0,555.0,511.0,1.0490000000000002,1.052,12696,571.0,511.0,1.047,1.053
76,2020-04-16,Sweden,12571.0,579.0,503.0,1.048,1.048,13270,574.0,503.0,1.045,1.051
77,2020-04-17,Sweden,13181.0,610.0,505.0,1.0490000000000002,1.046,13844,574.0,505.0,1.043,1.049
78,2020-04-18,Sweden,13800.0,619.0,531.0,1.047,1.046,14418,574.0,531.0,1.041,1.047
79,2020-04-19,Sweden,14299.0,499.0,536.0,1.036,1.044,14990,572.0,536.0,1.04,1.045
80,2020-04-20,Sweden,14853.0,554.0,556.0,1.0390000000000001,1.044,15560,570.0,556.0,1.038,1.043
81,2020-04-21,Sweden,15390.0,537.0,565.0,1.036,1.043,16126,566.0,565.0,1.036,1.041
82,2020-04-22,Sweden,16038.0,648.0,578.0,1.042,1.042,16688,562.0,578.0,1.035,1.04
83,2020-04-23,Sweden,16785.0,747.0,602.0,1.047,1.042,17243,555.0,602.0,1.033,1.038
84,2020-04-24,Sweden,17567.0,782.0,627.0,1.047,1.042,17792,549.0,627.0,1.032,1.036
85,2020-04-25,Sweden,,,,,,18334,542.0,648.0,1.03,1.035
86,2020-04-26,Sweden,,,,,,18868,534.0,653.0,1.029,1.033
87,2020-04-27,Sweden,,,,,,19393,525.0,649.0,1.028,1.032
88,2020-04-28,Sweden,,,,,,19908,515.0,645.0,1.027,1.031
89,2020-04-29,Sweden,,,,,,20414,506.0,625.0,1.025,1.029
90,2020-04-30,Sweden,,,,,,20909,495.0,589.0,1.024,1.028
91,2020-05-01,Sweden,,,,,,21394,485.0,547.0,1.023,1.027
92,2020-05-02,Sweden,,,,,,21867,473.0,505.0,1.022,1.025
93,2020-05-03,Sweden,,,,,,22329,462.0,494.0,1.021,1.024
94,2020-05-04,Sweden,,,,,,22779,450.0,484.0,1.02,1.023
95,2020-05-05,Sweden,,,,,,23218,439.0,473.0,1.019,1.022
96,2020-05-06,Sweden,,,,,,23644,426.0,461.0,1.018,1.021
97,2020-05-07,Sweden,,,,,,24058,414.0,450.0,1.018,1.02
98,2020-05-08,Sweden,,,,,,24460,402.0,438.0,1.017,1.019
99,2020-05-09,Sweden,,,,,,24850,390.0,426.0,1.016,1.018
100,2020-05-10,Sweden,,,,,,25228,378.0,414.0,1.015,1.018
101,2020-05-11,Sweden,,,,,,25594,366.0,402.0,1.015,1.017
102,2020-05-12,Sweden,,,,,,25948,354.0,390.0,1.014,1.016
103,2020-05-13,Sweden,,,,,,26290,342.0,378.0,1.013,1.015
104,2020-05-14,Sweden,,,,,,26620,330.0,366.0,1.013,1.015
105,2020-05-15,Sweden,,,,,,26939,319.0,354.0,1.012,1.014
106,2020-05-16,Sweden,,,,,,27247,308.0,342.0,1.011,1.013
107,2020-05-17,Sweden,,,,,,27544,297.0,331.0,1.011,1.013
108,2020-05-18,Sweden,,,,,,27829,285.0,319.0,1.01,1.012
109,2020-05-19,Sweden,,,,,,28104,275.0,308.0,1.01,1.011
110,2020-05-20,Sweden,,,,,,28369,265.0,297.0,1.009,1.011
111,2020-05-21,Sweden,,,,,,28623,254.0,286.0,1.009,1.01
112,2020-05-22,Sweden,,,,,,28868,245.0,276.0,1.009,1.01
113,2020-05-23,Sweden,,,,,,29103,235.0,265.0,1.008,1.009
114,2020-05-24,Sweden,,,,,,29329,226.0,255.0,1.008,1.009
115,2020-05-25,Sweden,,,,,,29546,217.0,245.0,1.007,1.009
116,2020-05-26,Sweden,,,,,,29754,208.0,236.0,1.007,1.008
117,2020-05-27,Sweden,,,,,,29953,199.0,226.0,1.007,1.008
118,2020-05-28,Sweden,,,,,,30144,191.0,217.0,1.006,1.007
119,2020-05-29,Sweden,,,,,,30328,184.0,209.0,1.006,1.007
120,2020-05-30,Sweden,,,,,,30503,175.0,200.0,1.006,1.007
121,2020-05-31,Sweden,,,,,,30671,168.0,192.0,1.006,1.006
122,2020-06-01,Sweden,,,,,,30832,161.0,184.0,1.005,1.006
123,2020-06-02,Sweden,,,,,,30986,154.0,176.0,1.005,1.006
124,2020-06-03,Sweden,,,,,,31134,148.0,169.0,1.005,1.006
125,2020-06-04,Sweden,,,,,,31275,141.0,162.0,1.005,1.005
126,2020-06-05,Sweden,,,,,,31410,135.0,155.0,1.004,1.005
127,2020-06-06,Sweden,,,,,,31539,129.0,148.0,1.004,1.005
128,2020-06-07,Sweden,,,,,,31662,123.0,142.0,1.004,1.005
129,2020-06-08,Sweden,,,,,,31780,118.0,135.0,1.004,1.004
130,2020-06-09,Sweden,,,,,,31892,112.0,129.0,1.004,1.004
131,2020-06-10,Sweden,,,,,,32000,108.0,124.0,1.003,1.004
132,2020-06-11,Sweden,,,,,,32102,102.0,118.0,1.003,1.004
133,2020-06-12,Sweden,,,,,,32200,98.0,113.0,1.003,1.004
134,2020-06-13,Sweden,,,,,,32294,94.0,108.0,1.003,1.003
135,2020-06-14,Sweden,,,,,,32383,89.0,103.0,1.003,1.003
136,2020-06-15,Sweden,,,,,,32469,86.0,98.0,1.003,1.003
137,2020-06-16,Sweden,,,,,,32550,81.0,94.0,1.002,1.003
138,2020-06-17,Sweden,,,,,,32628,78.0,90.0,1.002,1.003
139,2020-06-18,Sweden,,,,,,32702,74.0,86.0,1.002,1.003
140,2020-06-19,Sweden,,,,,,32772,70.0,82.0,1.002,1.002
141,2020-06-20,Sweden,,,,,,32840,68.0,78.0,1.002,1.002
142,2020-06-21,Sweden,,,,,,32904,64.0,74.0,1.002,1.002
143,2020-06-22,Sweden,,,,,,32965,61.0,71.0,1.002,1.002
144,2020-06-23,Sweden,,,,,,33024,59.0,68.0,1.002,1.002
145,2020-06-24,Sweden,,,,,,33079,55.0,64.0,1.002,1.002
146,2020-06-25,Sweden,,,,,,33132,53.0,61.0,1.002,1.002
147,2020-06-26,Sweden,,,,,,33183,51.0,59.0,1.002,1.002
148,2020-06-27,Sweden,,,,,,33231,48.0,56.0,1.001,1.002
149,2020-06-28,Sweden,,,,,,33277,46.0,53.0,1.001,1.002
150,2020-06-29,Sweden,,,,,,33321,44.0,51.0,1.001,1.002
151,2020-06-30,Sweden,,,,,,33363,42.0,48.0,1.001,1.001
152,2020-07-01,Sweden,,,,,,33402,39.0,46.0,1.001,1.001
153,2020-07-02,Sweden,,,,,,33440,38.0,44.0,1.001,1.001
154,2020-07-03,Sweden,,,,,,33476,36.0,42.0,1.001,1.001
155,2020-07-04,Sweden,,,,,,33511,35.0,40.0,1.001,1.001
156,2020-07-05,Sweden,,,,,,33543,32.0,38.0,1.001,1.001
157,2020-07-06,Sweden,,,,,,33574,31.0,36.0,1.001,1.001
158,2020-07-07,Sweden,,,,,,33604,30.0,34.0,1.001,1.001
159,2020-07-08,Sweden,,,,,,33632,28.0,33.0,1.001,1.001
160,2020-07-09,Sweden,,,,,,33659,27.0,31.0,1.001,1.001
161,2020-07-10,Sweden,,,,,,33685,26.0,30.0,1.001,1.001
162,2020-07-11,Sweden,,,,,,33709,24.0,28.0,1.001,1.001
163,2020-07-12,Sweden,,,,,,33732,23.0,27.0,1.001,1.001
164,2020-07-13,Sweden,,,,,,33755,23.0,26.0,1.001,1.001
165,2020-07-14,Sweden,,,,,,33776,21.0,25.0,1.001,1.001
166,2020-07-15,Sweden,,,,,,33796,20.0,23.0,1.001,1.001
167,2020-07-16,Sweden,,,,,,33815,19.0,22.0,1.001,1.001
168,2020-07-17,Sweden,,,,,,33833,18.0,21.0,1.001,1.001
169,2020-07-18,Sweden,,,,,,33850,17.0,20.0,1.001,1.001
170,2020-07-19,Sweden,,,,,,33867,17.0,19.0,1.001,1.001
171,2020-07-20,Sweden,,,,,,33882,15.0,18.0,1.0,1.001
172,2020-07-21,Sweden,,,,,,33897,15.0,17.0,1.0,1.001
173,2020-07-22,Sweden,,,,,,33911,14.0,16.0,1.0,1.001
174,2020-07-23,Sweden,,,,,,33925,14.0,16.0,1.0,1.0
175,2020-07-24,Sweden,,,,,,33938,13.0,15.0,1.0,1.0
176,2020-07-25,Sweden,,,,,,33950,12.0,14.0,1.0,1.0
177,2020-07-26,Sweden,,,,,,33962,12.0,14.0,1.0,1.0
178,2020-07-27,Sweden,,,,,,33973,11.0,13.0,1.0,1.0
179,2020-07-28,Sweden,,,,,,33983,10.0,12.0,1.0,1.0
180,2020-07-29,Sweden,,,,,,33993,10.0,12.0,1.0,1.0
181,2020-07-30,Sweden,,,,,,34003,10.0,11.0,1.0,1.0
182,2020-07-31,Sweden,,,,,,34012,9.0,11.0,1.0,1.0
183,2020-08-01,Sweden,,,,,,34021,9.0,10.0,1.0,1.0
184,2020-08-02,Sweden,,,,,,34029,8.0,10.0,1.0,1.0
185,2020-08-03,Sweden,,,,,,34037,8.0,9.0,1.0,1.0
186,2020-08-04,Sweden,,,,,,34044,7.0,9.0,1.0,1.0
187,2020-08-05,Sweden,,,,,,34051,7.0,8.0,1.0,1.0
188,2020-08-06,Sweden,,,,,,34058,7.0,8.0,1.0,1.0
189,2020-08-07,Sweden,,,,,,34065,7.0,8.0,1.0,1.0
190,2020-08-08,Sweden,,,,,,34071,6.0,7.0,1.0,1.0
191,2020-08-09,Sweden,,,,,,34076,5.0,7.0,1.0,1.0
192,2020-08-10,Sweden,,,,,,34082,6.0,6.0,1.0,1.0
193,2020-08-11,Sweden,,,,,,34087,5.0,6.0,1.0,1.0
194,2020-08-12,Sweden,,,,,,34092,5.0,6.0,1.0,1.0
195,2020-08-13,Sweden,,,,,,34097,5.0,6.0,1.0,1.0
196,2020-08-14,Sweden,,,,,,34102,5.0,5.0,1.0,1.0
197,2020-08-15,Sweden,,,,,,34106,4.0,5.0,1.0,1.0
198,2020-08-16,Sweden,,,,,,34110,4.0,5.0,1.0,1.0
199,2020-08-17,Sweden,,,,,,34114,4.0,5.0,1.0,1.0
200,2020-08-18,Sweden,,,,,,34118,4.0,4.0,1.0,1.0
201,2020-08-19,Sweden,,,,,,34121,3.0,4.0,1.0,1.0
202,2020-08-20,Sweden,,,,,,34125,4.0,4.0,1.0,1.0
203,2020-08-21,Sweden,,,,,,34128,3.0,4.0,1.0,1.0
204,2020-08-22,Sweden,,,,,,34131,3.0,4.0,1.0,1.0
205,2020-08-23,Sweden,,,,,,34134,3.0,3.0,1.0,1.0
206,2020-08-24,Sweden,,,,,,34136,2.0,3.0,1.0,1.0
207,2020-08-25,Sweden,,,,,,34139,3.0,3.0,1.0,1.0
208,2020-08-26,Sweden,,,,,,34142,3.0,3.0,1.0,1.0
209,2020-08-27,Sweden,,,,,,34144,2.0,3.0,1.0,1.0
210,2020-08-28,Sweden,,,,,,34146,2.0,3.0,1.0,1.0
211,2020-08-29,Sweden,,,,,,34148,2.0,2.0,1.0,1.0
212,2020-08-30,Sweden,,,,,,34150,2.0,2.0,1.0,1.0
213,2020-08-31,Sweden,,,,,,34152,2.0,2.0,1.0,1.0
214,2020-09-01,Sweden,,,,,,34154,2.0,2.0,1.0,1.0
215,2020-09-02,Sweden,,,,,,34156,2.0,2.0,1.0,1.0
216,2020-09-03,Sweden,,,,,,34158,2.0,2.0,1.0,1.0
217,2020-09-04,Sweden,,,,,,34159,1.0,2.0,1.0,1.0
218,2020-09-05,Sweden,,,,,,34161,2.0,2.0,1.0,1.0
219,2020-09-06,Sweden,,,,,,34162,1.0,2.0,1.0,1.0
220,2020-09-07,Sweden,,,,,,34164,2.0,2.0,1.0,1.0
221,2020-09-08,Sweden,,,,,,34165,1.0,2.0,1.0,1.0
222,2020-09-09,Sweden,,,,,,34166,1.0,1.0,1.0,1.0
223,2020-09-10,Sweden,,,,,,34167,1.0,1.0,1.0,1.0
224,2020-09-11,Sweden,,,,,,34168,1.0,1.0,1.0,1.0
225,2020-09-12,Sweden,,,,,,34170,2.0,1.0,1.0,1.0
226,2020-09-13,Sweden,,,,,,34171,1.0,1.0,1.0,1.0
227,2020-09-14,Sweden,,,,,,34172,1.0,1.0,1.0,1.0
228,2020-09-15,Sweden,,,,,,34172,0.0,1.0,1.0,1.0
229,2020-09-16,Sweden,,,,,,34173,1.0,1.0,1.0,1.0
230,2020-09-17,Sweden,,,,,,34174,1.0,1.0,1.0,1.0
231,2020-09-18,Sweden,,,,,,34175,1.0,1.0,1.0,1.0
232,2020-09-19,Sweden,,,,,,34176,1.0,1.0,1.0,1.0
233,2020-09-20,Sweden,,,,,,34176,0.0,1.0,1.0,1.0
234,2020-09-21,Sweden,,,,,,34177,1.0,1.0,1.0,1.0
235,2020-09-22,Sweden,,,,,,34178,1.0,1.0,1.0,1.0
236,2020-09-23,Sweden,,,,,,34178,0.0,1.0,1.0,1.0
237,2020-09-24,Sweden,,,,,,34179,1.0,1.0,1.0,1.0
238,2020-09-25,Sweden,,,,,,34180,1.0,1.0,1.0,1.0
239,2020-09-26,Sweden,,,,,,34180,0.0,1.0,1.0,1.0
240,2020-09-27,Sweden,,,,,,34181,1.0,1.0,1.0,1.0
241,2020-09-28,Sweden,,,,,,34181,0.0,1.0,1.0,1.0
242,2020-09-29,Sweden,,,,,,34182,1.0,1.0,1.0,1.0
243,2020-09-30,Sweden,,,,,,34182,0.0,1.0,1.0,1.0
244,2020-10-01,Sweden,,,,,,34182,0.0,0.0,1.0,1.0
245,2020-10-02,Sweden,,,,,,34183,1.0,0.0,1.0,1.0
246,2020-10-03,Sweden,,,,,,34183,0.0,0.0,1.0,1.0
247,2020-10-04,Sweden,,,,,,34183,0.0,0.0,1.0,1.0
248,2020-10-05,Sweden,,,,,,34184,1.0,0.0,1.0,1.0
249,2020-10-06,Sweden,,,,,,34184,0.0,0.0,1.0,1.0
250,2020-10-07,Sweden,,,,,,34184,0.0,0.0,1.0,1.0
251,2020-10-08,Sweden,,,,,,34185,1.0,0.0,1.0,1.0
252,2020-10-09,Sweden,,,,,,34185,0.0,0.0,1.0,1.0
253,2020-10-10,Sweden,,,,,,34185,0.0,0.0,1.0,1.0
254,2020-10-11,Sweden,,,,,,34186,1.0,0.0,1.0,1.0
255,2020-10-12,Sweden,,,,,,34186,0.0,0.0,1.0,1.0
256,2020-10-13,Sweden,,,,,,34186,0.0,0.0,1.0,1.0
257,2020-10-14,Sweden,,,,,,34186,0.0,0.0,1.0,1.0
