,date,country,confirmed,new_confirmed,new_conf_avg_7,growth,growth_avg_7,predict,new_predict,new_pred_avg_7,p_growth,p_gr_avg_7
0,2020-02-25,Austria,2.0,2.0,,0.0,1.0,84,,,1.0,
1,2020-02-26,Austria,2.0,0.0,,1.0,1.0,84,0.0,,1.0,
2,2020-02-27,Austria,3.0,1.0,,1.5,1.0,84,0.0,,1.0,
3,2020-02-28,Austria,6.0,3.0,,2.0,1.089,84,0.0,,1.0,
4,2020-02-29,Austria,9.0,3.0,,1.5,1.1540000000000001,84,0.0,,1.0,
5,2020-03-01,Austria,14.0,5.0,,1.556,1.228,84,0.0,,1.0,
6,2020-03-02,Austria,18.0,4.0,3.0,1.286,1.263,84,0.0,,1.0,1.0
7,2020-03-03,Austria,21.0,3.0,3.0,1.167,1.43,84,0.0,3.0,1.0,1.0
8,2020-03-04,Austria,29.0,8.0,4.0,1.381,1.484,84,0.0,4.0,1.0,1.0
9,2020-03-05,Austria,41.0,12.0,5.0,1.4140000000000001,1.472,85,1.0,5.0,1.012,1.002
10,2020-03-06,Austria,55.0,14.0,7.0,1.341,1.3780000000000001,86,1.0,7.0,1.012,1.003
11,2020-03-07,Austria,79.0,24.0,10.0,1.436,1.369,89,3.0,10.0,1.035,1.008
12,2020-03-08,Austria,104.0,25.0,13.0,1.3159999999999998,1.334,96,7.0,13.0,1.079,1.02
13,2020-03-09,Austria,131.0,27.0,16.0,1.26,1.331,110,14.0,16.0,1.146,1.041
14,2020-03-10,Austria,182.0,51.0,23.0,1.389,1.3619999999999999,136,26.0,23.0,1.236,1.074
15,2020-03-11,Austria,246.0,64.0,31.0,1.3519999999999999,1.358,181,45.0,31.0,1.331,1.122
16,2020-03-12,Austria,302.0,56.0,37.0,1.228,1.3319999999999999,253,72.0,37.0,1.398,1.177
17,2020-03-13,Austria,504.0,202.0,64.0,1.669,1.379,364,111.0,64.0,1.439,1.238
18,2020-03-14,Austria,655.0,151.0,82.0,1.3,1.359,523,159.0,82.0,1.437,1.295
19,2020-03-15,Austria,860.0,205.0,108.0,1.3130000000000002,1.359,741,218.0,108.0,1.417,1.343
20,2020-03-16,Austria,1018.0,158.0,127.0,1.1840000000000002,1.348,1027,286.0,127.0,1.386,1.378
21,2020-03-17,Austria,1332.0,314.0,164.0,1.308,1.3359999999999999,1385,358.0,164.0,1.349,1.394
22,2020-03-18,Austria,1646.0,314.0,200.0,1.236,1.32,1818,433.0,200.0,1.313,1.391
23,2020-03-19,Austria,2013.0,367.0,244.0,1.2229999999999999,1.319,2321,503.0,244.0,1.277,1.374
24,2020-03-20,Austria,2388.0,375.0,269.0,1.186,1.25,2889,568.0,269.0,1.245,1.346
25,2020-03-21,Austria,2814.0,426.0,308.0,1.178,1.2329999999999999,3512,623.0,308.0,1.216,1.315
26,2020-03-22,Austria,3244.0,430.0,341.0,1.153,1.21,4178,666.0,341.0,1.19,1.282
27,2020-03-23,Austria,4474.0,1230.0,494.0,1.379,1.238,4874,696.0,494.0,1.167,1.251
28,2020-03-24,Austria,5283.0,809.0,564.0,1.181,1.219,5587,713.0,564.0,1.146,1.222
29,2020-03-25,Austria,5588.0,305.0,563.0,1.058,1.194,6305,718.0,563.0,1.129,1.196
30,2020-03-26,Austria,6909.0,1321.0,699.0,1.236,1.196,7015,710.0,699.0,1.113,1.172
31,2020-03-27,Austria,7657.0,748.0,753.0,1.1079999999999999,1.185,7708,693.0,753.0,1.099,1.151
32,2020-03-28,Austria,8271.0,614.0,780.0,1.08,1.171,8377,669.0,780.0,1.087,1.133
33,2020-03-29,Austria,8788.0,517.0,792.0,1.063,1.158,9013,636.0,792.0,1.076,1.117
34,2020-03-30,Austria,9618.0,830.0,735.0,1.094,1.117,9614,601.0,735.0,1.067,1.102
35,2020-03-31,Austria,10180.0,562.0,700.0,1.058,1.1,10176,562.0,700.0,1.058,1.09
36,2020-04-01,Austria,10711.0,531.0,732.0,1.052,1.099,10698,522.0,732.0,1.051,1.079
37,2020-04-02,Austria,11129.0,418.0,603.0,1.0390000000000001,1.071,11179,481.0,603.0,1.045,1.069
38,2020-04-03,Austria,11524.0,395.0,552.0,1.035,1.06,11620,441.0,552.0,1.039,1.06
39,2020-04-04,Austria,11781.0,257.0,501.0,1.022,1.052,12022,402.0,501.0,1.035,1.053
40,2020-04-05,Austria,12051.0,270.0,466.0,1.023,1.046,12386,364.0,466.0,1.03,1.046
41,2020-04-06,Austria,12297.0,246.0,383.0,1.02,1.036,12716,330.0,383.0,1.027,1.041
42,2020-04-07,Austria,12639.0,342.0,351.0,1.028,1.031,13013,297.0,351.0,1.023,1.036
43,2020-04-08,Austria,12942.0,303.0,319.0,1.024,1.0270000000000001,13279,266.0,319.0,1.02,1.031
44,2020-04-09,Austria,13244.0,302.0,302.0,1.023,1.025,13518,239.0,302.0,1.018,1.027
45,2020-04-10,Austria,13555.0,311.0,290.0,1.023,1.023,13730,212.0,290.0,1.016,1.024
46,2020-04-11,Austria,13806.0,251.0,289.0,1.0190000000000001,1.023,13920,190.0,289.0,1.014,1.021
47,2020-04-12,Austria,13945.0,139.0,271.0,1.01,1.021,14089,169.0,271.0,1.012,1.019
48,2020-04-13,Austria,14041.0,96.0,249.0,1.0070000000000001,1.0190000000000001,14239,150.0,249.0,1.011,1.016
49,2020-04-14,Austria,14226.0,185.0,227.0,1.013,1.0170000000000001,14371,132.0,227.0,1.009,1.014
50,2020-04-15,Austria,14336.0,110.0,199.0,1.008,1.015,14489,118.0,199.0,1.008,1.013
51,2020-04-16,Austria,14476.0,140.0,176.0,1.01,1.013,14593,104.0,176.0,1.007,1.011
52,2020-04-17,Austria,14595.0,119.0,149.0,1.008,1.011,14685,92.0,149.0,1.006,1.01
53,2020-04-18,Austria,14671.0,76.0,124.0,1.005,1.0090000000000001,14766,81.0,124.0,1.006,1.008
54,2020-04-19,Austria,14749.0,78.0,115.0,1.005,1.008,14838,72.0,115.0,1.005,1.007
55,2020-04-20,Austria,14795.0,46.0,108.0,1.003,1.0070000000000001,14901,63.0,108.0,1.004,1.006
56,2020-04-21,Austria,14873.0,78.0,92.0,1.005,1.006,14956,55.0,92.0,1.004,1.006
57,2020-04-22,Austria,14925.0,52.0,84.0,1.003,1.006,15005,49.0,84.0,1.003,1.005
58,2020-04-23,Austria,15002.0,77.0,75.0,1.005,1.005,15048,43.0,75.0,1.003,1.004
59,2020-04-24,Austria,15071.0,69.0,68.0,1.005,1.004,15086,38.0,68.0,1.003,1.004
60,2020-04-25,Austria,15148.0,77.0,68.0,1.005,1.004,15120,34.0,68.0,1.002,1.003
61,2020-04-26,Austria,15225.0,77.0,68.0,1.005,1.004,15149,29.0,68.0,1.002,1.003
62,2020-04-27,Austria,15274.0,49.0,68.0,1.003,1.004,15175,26.0,68.0,1.002,1.003
63,2020-04-28,Austria,15357.0,83.0,69.0,1.005,1.004,15197,22.0,69.0,1.001,1.002
64,2020-04-29,Austria,15402.0,45.0,68.0,1.003,1.004,15217,20.0,68.0,1.001,1.002
65,2020-04-30,Austria,15452.0,50.0,64.0,1.003,1.004,15235,18.0,64.0,1.001,1.002
66,2020-05-01,Austria,15531.0,79.0,66.0,1.005,1.004,15250,15.0,66.0,1.001,1.001
67,2020-05-02,Austria,15558.0,27.0,59.0,1.002,1.004,15263,13.0,59.0,1.001,1.001
68,2020-05-03,Austria,15597.0,39.0,53.0,1.003,1.003,15275,12.0,53.0,1.001,1.001
69,2020-05-04,Austria,15621.0,24.0,50.0,1.002,1.003,15286,11.0,50.0,1.001,1.001
70,2020-05-05,Austria,15650.0,29.0,42.0,1.002,1.003,15295,9.0,42.0,1.001,1.001
71,2020-05-06,Austria,,,,,,15303,8.0,-14.0,1.001,1.001
72,2020-05-07,Austria,,,,,,15310,7.0,-20.0,1.0,1.001
73,2020-05-08,Austria,,,,,,15316,6.0,-31.0,1.0,1.001
74,2020-05-09,Austria,,,,,,15321,5.0,-34.0,1.0,1.001
75,2020-05-10,Austria,,,,,,15326,5.0,-39.0,1.0,1.0
76,2020-05-11,Austria,,,,,,15330,4.0,-42.0,1.0,1.0
77,2020-05-12,Austria,,,,,,15334,4.0,-45.0,1.0,1.0
78,2020-05-13,Austria,,,,,,15337,3.0,5.0,1.0,1.0
79,2020-05-14,Austria,,,,,,15340,3.0,4.0,1.0,1.0
80,2020-05-15,Austria,,,,,,15343,3.0,4.0,1.0,1.0
81,2020-05-16,Austria,,,,,,15345,2.0,3.0,1.0,1.0
82,2020-05-17,Austria,,,,,,15347,2.0,3.0,1.0,1.0
83,2020-05-18,Austria,,,,,,15348,1.0,3.0,1.0,1.0
84,2020-05-19,Austria,,,,,,15350,2.0,2.0,1.0,1.0
85,2020-05-20,Austria,,,,,,15351,1.0,2.0,1.0,1.0
86,2020-05-21,Austria,,,,,,15352,1.0,2.0,1.0,1.0
87,2020-05-22,Austria,,,,,,15353,1.0,1.0,1.0,1.0
88,2020-05-23,Austria,,,,,,15354,1.0,1.0,1.0,1.0
89,2020-05-24,Austria,,,,,,15355,1.0,1.0,1.0,1.0
90,2020-05-25,Austria,,,,,,15355,0.0,1.0,1.0,1.0
91,2020-05-26,Austria,,,,,,15356,1.0,1.0,1.0,1.0
92,2020-05-27,Austria,,,,,,15357,1.0,1.0,1.0,1.0
93,2020-05-28,Austria,,,,,,15357,0.0,1.0,1.0,1.0
94,2020-05-29,Austria,,,,,,15357,0.0,1.0,1.0,1.0
95,2020-05-30,Austria,,,,,,15358,1.0,1.0,1.0,1.0
96,2020-05-31,Austria,,,,,,15358,0.0,0.0,1.0,1.0
97,2020-06-01,Austria,,,,,,15358,0.0,0.0,1.0,1.0
98,2020-06-02,Austria,,,,,,15359,1.0,0.0,1.0,1.0
99,2020-06-03,Austria,,,,,,15359,0.0,0.0,1.0,1.0
100,2020-06-04,Austria,,,,,,15359,0.0,0.0,1.0,1.0
101,2020-06-05,Austria,,,,,,15359,0.0,0.0,1.0,1.0
102,2020-06-06,Austria,,,,,,15359,0.0,0.0,1.0,1.0
103,2020-06-07,Austria,,,,,,15359,0.0,0.0,1.0,1.0
104,2020-06-08,Austria,,,,,,15359,0.0,0.0,1.0,1.0
105,2020-06-09,Austria,,,,,,15360,1.0,0.0,1.0,1.0
106,2020-06-10,Austria,,,,,,15360,0.0,0.0,1.0,1.0
107,2020-06-11,Austria,,,,,,15360,0.0,0.0,1.0,1.0
108,2020-06-12,Austria,,,,,,15360,0.0,0.0,1.0,1.0
109,2020-06-13,Austria,,,,,,15360,0.0,0.0,1.0,1.0
110,2020-06-14,Austria,,,,,,15360,0.0,0.0,1.0,1.0
111,2020-06-15,Austria,,,,,,15360,0.0,0.0,1.0,1.0
112,2020-06-16,Austria,,,,,,15360,0.0,0.0,1.0,1.0
113,2020-06-17,Austria,,,,,,15360,0.0,0.0,1.0,1.0
114,2020-06-18,Austria,,,,,,15360,0.0,0.0,1.0,1.0
115,2020-06-19,Austria,,,,,,15360,0.0,0.0,1.0,1.0
116,2020-06-20,Austria,,,,,,15360,0.0,0.0,1.0,1.0
117,2020-06-21,Austria,,,,,,15360,0.0,0.0,1.0,1.0
