,date,country,confirmed,new_confirmed,new_conf_avg_7,growth,growth_avg_7,predict,new_predict,new_pred_avg_7,p_growth,p_gr_avg_7
0,2020-01-28,Germany,4.0,4.0,,0.0,1.0,78,,,1.0,
1,2020-01-29,Germany,4.0,0.0,,1.0,1.0,78,0.0,,1.0,
2,2020-01-30,Germany,4.0,0.0,,1.0,1.0,78,0.0,,1.0,
3,2020-01-31,Germany,5.0,1.0,,1.25,1.0,78,0.0,,1.0,
4,2020-02-01,Germany,8.0,8.0,,1.6,1.0,78,0.0,,1.0,
5,2020-02-02,Germany,10.0,2.0,,1.25,1.014,78,0.0,,1.0,
6,2020-02-03,Germany,12.0,2.0,2.0,1.2,1.043,78,0.0,,1.0,1.0
7,2020-02-04,Germany,12.0,0.0,2.0,1.0,1.186,78,0.0,1.0,1.0,1.0
8,2020-02-05,Germany,12.0,0.0,2.0,1.0,1.186,78,0.0,1.0,1.0,1.0
9,2020-02-06,Germany,12.0,0.0,2.0,1.0,1.186,78,0.0,1.0,1.0,1.0
10,2020-02-07,Germany,12.0,0.0,2.0,1.0,1.15,78,0.0,1.0,1.0,1.0
11,2020-02-08,Germany,13.0,1.0,1.0,1.083,1.0759999999999998,78,0.0,1.0,1.0,1.0
12,2020-02-09,Germany,13.0,0.0,0.0,1.0,1.04,78,0.0,0.0,1.0,1.0
13,2020-02-10,Germany,15.0,2.0,0.0,1.1540000000000001,1.034,78,0.0,0.0,1.0,1.0
14,2020-02-11,Germany,16.0,1.0,1.0,1.067,1.043,78,0.0,1.0,1.0,1.0
15,2020-02-12,Germany,16.0,0.0,1.0,1.0,1.043,78,0.0,1.0,1.0,1.0
16,2020-02-13,Germany,16.0,0.0,1.0,1.0,1.043,78,0.0,1.0,1.0,1.0
17,2020-02-14,Germany,16.0,0.0,1.0,1.0,1.043,78,0.0,1.0,1.0,1.0
18,2020-02-15,Germany,16.0,0.0,0.0,1.0,1.032,78,0.0,0.0,1.0,1.0
19,2020-02-16,Germany,16.0,0.0,0.0,1.0,1.032,78,0.0,0.0,1.0,1.0
20,2020-02-17,Germany,16.0,0.0,0.0,1.0,1.01,78,0.0,0.0,1.0,1.0
21,2020-02-18,Germany,16.0,0.0,0.0,1.0,1.0,78,0.0,0.0,1.0,1.0
22,2020-02-19,Germany,16.0,0.0,0.0,1.0,1.0,78,0.0,0.0,1.0,1.0
23,2020-02-20,Germany,16.0,0.0,0.0,1.0,1.0,78,0.0,0.0,1.0,1.0
24,2020-02-21,Germany,16.0,0.0,0.0,1.0,1.0,78,0.0,0.0,1.0,1.0
25,2020-02-22,Germany,16.0,0.0,0.0,1.0,1.0,78,0.0,0.0,1.0,1.0
26,2020-02-23,Germany,16.0,0.0,0.0,1.0,1.0,79,1.0,0.0,1.013,1.002
27,2020-02-24,Germany,16.0,0.0,0.0,1.0,1.0,80,1.0,0.0,1.013,1.004
28,2020-02-25,Germany,21.0,5.0,1.0,1.3119999999999998,1.045,81,1.0,1.0,1.012,1.005
29,2020-02-26,Germany,27.0,6.0,2.0,1.286,1.085,83,2.0,2.0,1.025,1.009
30,2020-02-27,Germany,46.0,19.0,4.0,1.704,1.186,87,4.0,4.0,1.048,1.016
31,2020-02-28,Germany,62.0,16.0,7.0,1.348,1.236,93,6.0,7.0,1.069,1.026
32,2020-02-29,Germany,79.0,17.0,9.0,1.274,1.275,103,10.0,9.0,1.108,1.041
33,2020-03-01,Germany,130.0,51.0,16.0,1.646,1.367,118,15.0,16.0,1.146,1.06
34,2020-03-02,Germany,159.0,29.0,20.0,1.2229999999999999,1.399,142,24.0,20.0,1.203,1.087
35,2020-03-03,Germany,196.0,37.0,25.0,1.2329999999999999,1.3880000000000001,178,36.0,25.0,1.254,1.122
36,2020-03-04,Germany,262.0,66.0,34.0,1.337,1.395,233,55.0,34.0,1.309,1.162
37,2020-03-05,Germany,482.0,220.0,62.0,1.84,1.4140000000000001,314,81.0,62.0,1.348,1.205
38,2020-03-06,Germany,670.0,188.0,87.0,1.39,1.42,431,117.0,87.0,1.373,1.249
39,2020-03-07,Germany,799.0,129.0,103.0,1.193,1.409,599,168.0,103.0,1.39,1.289
40,2020-03-08,Germany,1040.0,241.0,130.0,1.3019999999999998,1.36,836,237.0,130.0,1.396,1.325
41,2020-03-09,Germany,1176.0,136.0,145.0,1.131,1.347,1162,326.0,145.0,1.39,1.351
42,2020-03-10,Germany,1457.0,281.0,180.0,1.239,1.347,1604,442.0,180.0,1.38,1.369
43,2020-03-11,Germany,1908.0,451.0,235.0,1.31,1.344,2192,588.0,235.0,1.367,1.378
44,2020-03-12,Germany,2791.0,883.0,330.0,1.463,1.29,2960,768.0,330.0,1.35,1.378
45,2020-03-13,Germany,3675.0,884.0,429.0,1.317,1.2790000000000001,3946,986.0,429.0,1.333,1.372
46,2020-03-14,Germany,4585.0,910.0,541.0,1.248,1.287,5186,1240.0,541.0,1.314,1.361
47,2020-03-15,Germany,5795.0,1210.0,679.0,1.264,1.2819999999999998,6718,1532.0,679.0,1.295,1.347
48,2020-03-16,Germany,7272.0,1477.0,871.0,1.255,1.2990000000000002,8578,1860.0,871.0,1.277,1.331
49,2020-03-17,Germany,9257.0,1985.0,1114.0,1.273,1.304,10796,2218.0,1114.0,1.259,1.314
50,2020-03-18,Germany,12327.0,3070.0,1488.0,1.3319999999999999,1.307,13396,2600.0,1488.0,1.241,1.296
51,2020-03-19,Germany,15320.0,2993.0,1790.0,1.2429999999999999,1.276,16392,2996.0,1790.0,1.224,1.278
52,2020-03-20,Germany,19848.0,4528.0,2310.0,1.296,1.273,19790,3398.0,2310.0,1.207,1.26
53,2020-03-21,Germany,22213.0,2365.0,2518.0,1.119,1.255,23583,3793.0,2518.0,1.192,1.242
54,2020-03-22,Germany,24873.0,2660.0,2725.0,1.12,1.234,27756,4173.0,2725.0,1.177,1.225
55,2020-03-23,Germany,29056.0,4183.0,3112.0,1.168,1.222,32280,4524.0,3112.0,1.163,1.209
56,2020-03-24,Germany,32986.0,3930.0,3390.0,1.135,1.202,37120,4840.0,3390.0,1.15,1.193
57,2020-03-25,Germany,37323.0,4337.0,3571.0,1.131,1.173,42231,5111.0,3571.0,1.138,1.179
58,2020-03-26,Germany,43938.0,6615.0,4088.0,1.177,1.1640000000000001,47564,5333.0,4088.0,1.126,1.165
59,2020-03-27,Germany,50871.0,6933.0,4432.0,1.158,1.1440000000000001,53065,5501.0,4432.0,1.116,1.152
60,2020-03-28,Germany,57695.0,6824.0,5069.0,1.1340000000000001,1.146,58679,5614.0,5069.0,1.106,1.139
61,2020-03-29,Germany,62290.0,4595.0,5345.0,1.08,1.14,64352,5673.0,5345.0,1.097,1.128
62,2020-03-30,Germany,66951.0,4661.0,5414.0,1.075,1.127,70031,5679.0,5414.0,1.088,1.117
63,2020-03-31,Germany,72378.0,5427.0,5627.0,1.081,1.119,75668,5637.0,5627.0,1.08,1.107
64,2020-04-01,Germany,78301.0,5923.0,5854.0,1.082,1.112,81218,5550.0,5854.0,1.073,1.098
65,2020-04-02,Germany,84515.0,6214.0,5797.0,1.079,1.0979999999999999,86641,5423.0,5797.0,1.067,1.09
66,2020-04-03,Germany,90443.0,5928.0,5653.0,1.07,1.0859999999999999,91905,5264.0,5653.0,1.061,1.082
67,2020-04-04,Germany,95641.0,5198.0,5421.0,1.057,1.075,96983,5078.0,5421.0,1.055,1.074
68,2020-04-05,Germany,99733.0,4092.0,5349.0,1.043,1.07,101851,4868.0,5349.0,1.05,1.068
69,2020-04-06,Germany,103893.0,4160.0,5277.0,1.042,1.065,106495,4644.0,5277.0,1.046,1.062
70,2020-04-07,Germany,108335.0,4442.0,5137.0,1.043,1.0590000000000002,110903,4408.0,5137.0,1.041,1.056
71,2020-04-08,Germany,112922.0,4587.0,4946.0,1.042,1.054,115068,4165.0,4946.0,1.038,1.051
72,2020-04-09,Germany,117733.0,4811.0,4745.0,1.043,1.0490000000000002,118987,3919.0,4745.0,1.034,1.046
73,2020-04-10,Germany,121544.0,3811.0,4443.0,1.032,1.043,122661,3674.0,4443.0,1.031,1.042
74,2020-04-11,Germany,125012.0,3468.0,4196.0,1.0290000000000001,1.0390000000000001,126094,3433.0,4196.0,1.028,1.038
75,2020-04-12,Germany,127490.0,2478.0,3965.0,1.02,1.036,129292,3198.0,3965.0,1.025,1.035
76,2020-04-13,Germany,129606.0,2116.0,3673.0,1.0170000000000001,1.032,132262,2970.0,3673.0,1.023,1.031
77,2020-04-14,Germany,132412.0,2806.0,3440.0,1.022,1.0290000000000001,135013,2751.0,3440.0,1.021,1.029
78,2020-04-15,Germany,134528.0,2116.0,3087.0,1.016,1.026,137556,2543.0,3087.0,1.019,1.026
79,2020-04-16,Germany,138075.0,3547.0,2906.0,1.026,1.023,139900,2344.0,2906.0,1.017,1.023
80,2020-04-17,Germany,140520.0,2445.0,2711.0,1.018,1.021,142059,2159.0,2711.0,1.015,1.021
81,2020-04-18,Germany,143290.0,2770.0,2611.0,1.02,1.02,144042,1983.0,2611.0,1.014,1.019
82,2020-04-19,Germany,145203.0,1913.0,2530.0,1.013,1.0190000000000001,145861,1819.0,2530.0,1.013,1.017
83,2020-04-20,Germany,146737.0,1534.0,2447.0,1.011,1.018,147527,1666.0,2447.0,1.011,1.016
84,2020-04-21,Germany,148856.0,2119.0,2349.0,1.014,1.0170000000000001,149051,1524.0,2349.0,1.01,1.014
85,2020-04-22,Germany,150710.0,1854.0,2312.0,1.012,1.016,150444,1393.0,2312.0,1.009,1.013
86,2020-04-23,Germany,153129.0,2419.0,2151.0,1.016,1.015,151715,1271.0,2151.0,1.008,1.011
87,2020-04-24,Germany,,,,,,152874,1159.0,1765.0,1.008,1.01
88,2020-04-25,Germany,,,,,,153930,1056.0,1520.0,1.007,1.009
89,2020-04-26,Germany,,,,,,154891,961.0,1384.0,1.006,1.008
90,2020-04-27,Germany,,,,,,155765,874.0,1290.0,1.006,1.008
91,2020-04-28,Germany,,,,,,156560,795.0,1101.0,1.005,1.007
92,2020-04-29,Germany,,,,,,157282,722.0,939.0,1.005,1.006
93,2020-04-30,Germany,,,,,,157937,655.0,687.0,1.004,1.006
94,2020-05-01,Germany,,,,,,158532,595.0,808.0,1.004,1.005
95,2020-05-02,Germany,,,,,,159071,539.0,734.0,1.003,1.005
96,2020-05-03,Germany,,,,,,159561,490.0,667.0,1.003,1.004
97,2020-05-04,Germany,,,,,,160004,443.0,606.0,1.003,1.004
98,2020-05-05,Germany,,,,,,160406,402.0,549.0,1.003,1.004
99,2020-05-06,Germany,,,,,,160770,364.0,498.0,1.002,1.003
100,2020-05-07,Germany,,,,,,161100,330.0,452.0,1.002,1.003
101,2020-05-08,Germany,,,,,,161399,299.0,410.0,1.002,1.003
102,2020-05-09,Germany,,,,,,161669,270.0,371.0,1.002,1.002
103,2020-05-10,Germany,,,,,,161913,244.0,336.0,1.002,1.002
104,2020-05-11,Germany,,,,,,162135,222.0,304.0,1.001,1.002
105,2020-05-12,Germany,,,,,,162335,200.0,276.0,1.001,1.002
106,2020-05-13,Germany,,,,,,162516,181.0,249.0,1.001,1.002
107,2020-05-14,Germany,,,,,,162680,164.0,226.0,1.001,1.001
108,2020-05-15,Germany,,,,,,162828,148.0,204.0,1.001,1.001
109,2020-05-16,Germany,,,,,,162962,134.0,185.0,1.001,1.001
110,2020-05-17,Germany,,,,,,163083,121.0,167.0,1.001,1.001
111,2020-05-18,Germany,,,,,,163193,110.0,151.0,1.001,1.001
112,2020-05-19,Germany,,,,,,163292,99.0,137.0,1.001,1.001
113,2020-05-20,Germany,,,,,,163381,89.0,124.0,1.001,1.001
114,2020-05-21,Germany,,,,,,163462,81.0,112.0,1.0,1.001
115,2020-05-22,Germany,,,,,,163535,73.0,101.0,1.0,1.001
116,2020-05-23,Germany,,,,,,163601,66.0,91.0,1.0,1.001
117,2020-05-24,Germany,,,,,,163661,60.0,83.0,1.0,1.0
118,2020-05-25,Germany,,,,,,163715,54.0,75.0,1.0,1.0
119,2020-05-26,Germany,,,,,,163764,49.0,67.0,1.0,1.0
120,2020-05-27,Germany,,,,,,163808,44.0,61.0,1.0,1.0
121,2020-05-28,Germany,,,,,,163848,40.0,55.0,1.0,1.0
122,2020-05-29,Germany,,,,,,163884,36.0,50.0,1.0,1.0
123,2020-05-30,Germany,,,,,,163916,32.0,45.0,1.0,1.0
124,2020-05-31,Germany,,,,,,163945,29.0,41.0,1.0,1.0
125,2020-06-01,Germany,,,,,,163972,27.0,37.0,1.0,1.0
126,2020-06-02,Germany,,,,,,163996,24.0,33.0,1.0,1.0
127,2020-06-03,Germany,,,,,,164018,22.0,30.0,1.0,1.0
128,2020-06-04,Germany,,,,,,164037,19.0,27.0,1.0,1.0
129,2020-06-05,Germany,,,,,,164055,18.0,24.0,1.0,1.0
130,2020-06-06,Germany,,,,,,164071,16.0,22.0,1.0,1.0
131,2020-06-07,Germany,,,,,,164085,14.0,20.0,1.0,1.0
132,2020-06-08,Germany,,,,,,164098,13.0,18.0,1.0,1.0
133,2020-06-09,Germany,,,,,,164110,12.0,16.0,1.0,1.0
134,2020-06-10,Germany,,,,,,164121,11.0,15.0,1.0,1.0
135,2020-06-11,Germany,,,,,,164130,9.0,13.0,1.0,1.0
136,2020-06-12,Germany,,,,,,164139,9.0,12.0,1.0,1.0
137,2020-06-13,Germany,,,,,,164147,8.0,11.0,1.0,1.0
138,2020-06-14,Germany,,,,,,164154,7.0,10.0,1.0,1.0
139,2020-06-15,Germany,,,,,,164161,7.0,9.0,1.0,1.0
140,2020-06-16,Germany,,,,,,164166,5.0,8.0,1.0,1.0
141,2020-06-17,Germany,,,,,,164172,6.0,7.0,1.0,1.0
142,2020-06-18,Germany,,,,,,164176,4.0,7.0,1.0,1.0
143,2020-06-19,Germany,,,,,,164181,5.0,6.0,1.0,1.0
144,2020-06-20,Germany,,,,,,164184,3.0,5.0,1.0,1.0
145,2020-06-21,Germany,,,,,,164188,4.0,5.0,1.0,1.0
146,2020-06-22,Germany,,,,,,164191,3.0,4.0,1.0,1.0
147,2020-06-23,Germany,,,,,,164194,3.0,4.0,1.0,1.0
148,2020-06-24,Germany,,,,,,164196,2.0,3.0,1.0,1.0
149,2020-06-25,Germany,,,,,,164199,3.0,3.0,1.0,1.0
150,2020-06-26,Germany,,,,,,164201,2.0,3.0,1.0,1.0
151,2020-06-27,Germany,,,,,,164203,2.0,3.0,1.0,1.0
152,2020-06-28,Germany,,,,,,164204,1.0,2.0,1.0,1.0
153,2020-06-29,Germany,,,,,,164206,2.0,2.0,1.0,1.0
154,2020-06-30,Germany,,,,,,164207,1.0,2.0,1.0,1.0
155,2020-07-01,Germany,,,,,,164209,2.0,2.0,1.0,1.0
156,2020-07-02,Germany,,,,,,164210,1.0,2.0,1.0,1.0
157,2020-07-03,Germany,,,,,,164211,1.0,1.0,1.0,1.0
158,2020-07-04,Germany,,,,,,164212,1.0,1.0,1.0,1.0
159,2020-07-05,Germany,,,,,,164213,1.0,1.0,1.0,1.0
160,2020-07-06,Germany,,,,,,164213,0.0,1.0,1.0,1.0
161,2020-07-07,Germany,,,,,,164214,1.0,1.0,1.0,1.0
162,2020-07-08,Germany,,,,,,164215,1.0,1.0,1.0,1.0
163,2020-07-09,Germany,,,,,,164215,0.0,1.0,1.0,1.0
164,2020-07-10,Germany,,,,,,164216,1.0,1.0,1.0,1.0
165,2020-07-11,Germany,,,,,,164216,0.0,1.0,1.0,1.0
166,2020-07-12,Germany,,,,,,164217,1.0,1.0,1.0,1.0
167,2020-07-13,Germany,,,,,,164217,0.0,1.0,1.0,1.0
168,2020-07-14,Germany,,,,,,164217,0.0,0.0,1.0,1.0
169,2020-07-15,Germany,,,,,,164218,1.0,0.0,1.0,1.0
170,2020-07-16,Germany,,,,,,164218,0.0,0.0,1.0,1.0
171,2020-07-17,Germany,,,,,,164218,0.0,0.0,1.0,1.0
172,2020-07-18,Germany,,,,,,164218,0.0,0.0,1.0,1.0
173,2020-07-19,Germany,,,,,,164219,1.0,0.0,1.0,1.0
174,2020-07-20,Germany,,,,,,164219,0.0,0.0,1.0,1.0
175,2020-07-21,Germany,,,,,,164219,0.0,0.0,1.0,1.0
176,2020-07-22,Germany,,,,,,164219,0.0,0.0,1.0,1.0
177,2020-07-23,Germany,,,,,,164219,0.0,0.0,1.0,1.0
