,date,country,confirmed,new_confirmed,new_conf_avg_7,growth,growth_avg_7,predict,new_predict,new_pred_avg_7,p_growth,p_gr_avg_7
0,2020-01-28,Germany,4.0,4.0,,0.0,1.0,10,,,1.0,
1,2020-01-29,Germany,4.0,0.0,,1.0,1.0,10,0.0,,1.0,
2,2020-01-30,Germany,4.0,0.0,,1.0,1.0,10,0.0,,1.0,
3,2020-01-31,Germany,5.0,1.0,,1.25,1.0,10,0.0,,1.0,
4,2020-02-01,Germany,8.0,8.0,,1.6,1.0,10,0.0,,1.0,
5,2020-02-02,Germany,10.0,2.0,,1.25,1.014,10,0.0,,1.0,
6,2020-02-03,Germany,12.0,2.0,2.0,1.2,1.043,10,0.0,,1.0,1.0
7,2020-02-04,Germany,12.0,0.0,2.0,1.0,1.186,10,0.0,1.0,1.0,1.0
8,2020-02-05,Germany,12.0,0.0,2.0,1.0,1.186,10,0.0,1.0,1.0,1.0
9,2020-02-06,Germany,12.0,0.0,2.0,1.0,1.186,10,0.0,1.0,1.0,1.0
10,2020-02-07,Germany,12.0,0.0,2.0,1.0,1.15,10,0.0,1.0,1.0,1.0
11,2020-02-08,Germany,13.0,1.0,1.0,1.083,1.0759999999999998,10,0.0,1.0,1.0,1.0
12,2020-02-09,Germany,13.0,0.0,0.0,1.0,1.04,10,0.0,0.0,1.0,1.0
13,2020-02-10,Germany,15.0,2.0,0.0,1.1540000000000001,1.034,10,0.0,0.0,1.0,1.0
14,2020-02-11,Germany,16.0,1.0,1.0,1.067,1.043,10,0.0,1.0,1.0,1.0
15,2020-02-12,Germany,16.0,0.0,1.0,1.0,1.043,10,0.0,1.0,1.0,1.0
16,2020-02-13,Germany,16.0,0.0,1.0,1.0,1.043,10,0.0,1.0,1.0,1.0
17,2020-02-14,Germany,16.0,0.0,1.0,1.0,1.043,10,0.0,1.0,1.0,1.0
18,2020-02-15,Germany,16.0,0.0,0.0,1.0,1.032,10,0.0,0.0,1.0,1.0
19,2020-02-16,Germany,16.0,0.0,0.0,1.0,1.032,10,0.0,0.0,1.0,1.0
20,2020-02-17,Germany,16.0,0.0,0.0,1.0,1.01,11,1.0,0.0,1.1,1.014
21,2020-02-18,Germany,16.0,0.0,0.0,1.0,1.0,11,0.0,0.0,1.0,1.014
22,2020-02-19,Germany,16.0,0.0,0.0,1.0,1.0,12,1.0,0.0,1.091,1.027
23,2020-02-20,Germany,16.0,0.0,0.0,1.0,1.0,13,1.0,0.0,1.083,1.039
24,2020-02-21,Germany,16.0,0.0,0.0,1.0,1.0,14,1.0,0.0,1.077,1.05
25,2020-02-22,Germany,16.0,0.0,0.0,1.0,1.0,16,2.0,0.0,1.143,1.071
26,2020-02-23,Germany,16.0,0.0,0.0,1.0,1.0,19,3.0,0.0,1.188,1.097
27,2020-02-24,Germany,16.0,0.0,0.0,1.0,1.0,23,4.0,0.0,1.211,1.113
28,2020-02-25,Germany,21.0,5.0,1.0,1.3119999999999998,1.045,29,6.0,1.0,1.261,1.151
29,2020-02-26,Germany,27.0,6.0,2.0,1.286,1.085,37,8.0,2.0,1.276,1.177
30,2020-02-27,Germany,46.0,19.0,4.0,1.704,1.186,48,11.0,4.0,1.297,1.208
31,2020-02-28,Germany,62.0,16.0,7.0,1.348,1.236,65,17.0,7.0,1.354,1.247
32,2020-02-29,Germany,79.0,17.0,9.0,1.274,1.275,88,23.0,9.0,1.354,1.277
33,2020-03-01,Germany,130.0,51.0,16.0,1.646,1.367,120,32.0,16.0,1.364,1.302
34,2020-03-02,Germany,159.0,29.0,20.0,1.2229999999999999,1.399,165,45.0,20.0,1.375,1.326
35,2020-03-03,Germany,196.0,37.0,25.0,1.2329999999999999,1.3880000000000001,226,61.0,25.0,1.37,1.341
36,2020-03-04,Germany,262.0,66.0,34.0,1.337,1.395,311,85.0,34.0,1.376,1.356
37,2020-03-05,Germany,482.0,220.0,62.0,1.84,1.4140000000000001,426,115.0,62.0,1.37,1.366
38,2020-03-06,Germany,670.0,188.0,87.0,1.39,1.42,582,156.0,87.0,1.366,1.368
39,2020-03-07,Germany,799.0,129.0,103.0,1.193,1.409,791,209.0,103.0,1.359,1.369
40,2020-03-08,Germany,1040.0,241.0,130.0,1.3019999999999998,1.36,1068,277.0,130.0,1.35,1.367
41,2020-03-09,Germany,1176.0,136.0,145.0,1.131,1.347,1433,365.0,145.0,1.342,1.362
42,2020-03-10,Germany,1457.0,281.0,180.0,1.239,1.347,1907,474.0,180.0,1.331,1.356
43,2020-03-11,Germany,1908.0,451.0,235.0,1.31,1.344,2518,611.0,235.0,1.32,1.348
44,2020-03-12,Germany,2791.0,883.0,330.0,1.463,1.29,3294,776.0,330.0,1.308,1.339
45,2020-03-13,Germany,3675.0,884.0,429.0,1.317,1.2790000000000001,4270,976.0,429.0,1.296,1.329
46,2020-03-14,Germany,4585.0,910.0,541.0,1.248,1.287,5481,1211.0,541.0,1.284,1.319
47,2020-03-15,Germany,5795.0,1210.0,679.0,1.264,1.2819999999999998,6963,1482.0,679.0,1.27,1.307
48,2020-03-16,Germany,7272.0,1477.0,871.0,1.255,1.2990000000000002,8752,1789.0,871.0,1.257,1.295
49,2020-03-17,Germany,9257.0,1985.0,1114.0,1.273,1.304,10884,2132.0,1114.0,1.244,1.283
50,2020-03-18,Germany,12327.0,3070.0,1488.0,1.3319999999999999,1.307,13386,2502.0,1488.0,1.23,1.27
51,2020-03-19,Germany,15320.0,2993.0,1790.0,1.2429999999999999,1.276,16281,2895.0,1790.0,1.216,1.257
52,2020-03-20,Germany,19848.0,4528.0,2310.0,1.296,1.273,19582,3301.0,2310.0,1.203,1.243
53,2020-03-21,Germany,22213.0,2365.0,2518.0,1.119,1.255,23293,3711.0,2518.0,1.19,1.23
54,2020-03-22,Germany,24873.0,2660.0,2725.0,1.12,1.234,27405,4112.0,2725.0,1.177,1.217
55,2020-03-23,Germany,29056.0,4183.0,3112.0,1.168,1.222,31898,4493.0,3112.0,1.164,1.203
56,2020-03-24,Germany,32986.0,3930.0,3390.0,1.135,1.202,36737,4839.0,3390.0,1.152,1.19
57,2020-03-25,Germany,37323.0,4337.0,3571.0,1.131,1.173,41882,5145.0,3571.0,1.14,1.177
58,2020-03-26,Germany,43938.0,6615.0,4088.0,1.177,1.1640000000000001,47279,5397.0,4088.0,1.129,1.165
59,2020-03-27,Germany,50871.0,6933.0,4432.0,1.158,1.1440000000000001,52872,5593.0,4432.0,1.118,1.153
60,2020-03-28,Germany,57695.0,6824.0,5069.0,1.1340000000000001,1.146,58599,5727.0,5069.0,1.108,1.141
61,2020-03-29,Germany,62290.0,4595.0,5345.0,1.08,1.14,64396,5797.0,5345.0,1.099,1.13
62,2020-03-30,Germany,66951.0,4661.0,5414.0,1.075,1.127,70201,5805.0,5414.0,1.09,1.119
63,2020-03-31,Germany,72378.0,5427.0,5627.0,1.081,1.119,75957,5756.0,5627.0,1.082,1.109
64,2020-04-01,Germany,78301.0,5923.0,5854.0,1.082,1.112,81610,5653.0,5854.0,1.074,1.1
65,2020-04-02,Germany,84515.0,6214.0,5797.0,1.079,1.0979999999999999,87113,5503.0,5797.0,1.067,1.091
66,2020-04-03,Germany,90443.0,5928.0,5653.0,1.07,1.0859999999999999,92427,5314.0,5653.0,1.061,1.083
67,2020-04-04,Germany,95641.0,5198.0,5421.0,1.057,1.075,97520,5093.0,5421.0,1.055,1.075
68,2020-04-05,Germany,99733.0,4092.0,5349.0,1.043,1.07,102366,4846.0,5349.0,1.05,1.068
69,2020-04-06,Germany,103893.0,4160.0,5277.0,1.042,1.065,106949,4583.0,5277.0,1.045,1.062
70,2020-04-07,Germany,108335.0,4442.0,5137.0,1.043,1.0590000000000002,111257,4308.0,5137.0,1.04,1.056
71,2020-04-08,Germany,112922.0,4587.0,4946.0,1.042,1.054,115286,4029.0,4946.0,1.036,1.051
72,2020-04-09,Germany,117733.0,4811.0,4745.0,1.043,1.0490000000000002,119034,3748.0,4745.0,1.033,1.046
73,2020-04-10,Germany,121544.0,3811.0,4443.0,1.032,1.043,122507,3473.0,4443.0,1.029,1.041
74,2020-04-11,Germany,125012.0,3468.0,4196.0,1.0290000000000001,1.0390000000000001,125712,3205.0,4196.0,1.026,1.037
75,2020-04-12,Germany,127490.0,2478.0,3965.0,1.02,1.036,128658,2946.0,3965.0,1.023,1.033
76,2020-04-13,Germany,129606.0,2116.0,3673.0,1.0170000000000001,1.032,131358,2700.0,3673.0,1.021,1.03
77,2020-04-14,Germany,132412.0,2806.0,3440.0,1.022,1.0290000000000001,133824,2466.0,3440.0,1.019,1.027
78,2020-04-15,Germany,134528.0,2116.0,3087.0,1.016,1.026,136072,2248.0,3087.0,1.017,1.024
79,2020-04-16,Germany,137698.0,3170.0,2852.0,1.024,1.023,138115,2043.0,2852.0,1.015,1.021
80,2020-04-17,Germany,,,,,,139968,1853.0,2632.0,1.013,1.019
81,2020-04-18,Germany,,,,,,141645,1677.0,2376.0,1.012,1.017
82,2020-04-19,Germany,,,,,,143161,1516.0,2239.0,1.011,1.015
83,2020-04-20,Germany,,,,,,144529,1368.0,2132.0,1.01,1.014
84,2020-04-21,Germany,,,,,,145762,1233.0,1907.0,1.009,1.012
85,2020-04-22,Germany,,,,,,146871,1109.0,1763.0,1.008,1.011
86,2020-04-23,Germany,,,,,,147868,997.0,1453.0,1.007,1.01
87,2020-04-24,Germany,,,,,,148763,895.0,1256.0,1.006,1.009
88,2020-04-25,Germany,,,,,,149567,804.0,1132.0,1.005,1.008
89,2020-04-26,Germany,,,,,,150287,720.0,1018.0,1.005,1.007
90,2020-04-27,Germany,,,,,,150932,645.0,915.0,1.004,1.006
91,2020-04-28,Germany,,,,,,151509,577.0,821.0,1.004,1.006
92,2020-04-29,Germany,,,,,,152026,517.0,736.0,1.003,1.005
93,2020-04-30,Germany,,,,,,152488,462.0,660.0,1.003,1.004
94,2020-05-01,Germany,,,,,,152901,413.0,591.0,1.003,1.004
95,2020-05-02,Germany,,,,,,153270,369.0,529.0,1.002,1.003
96,2020-05-03,Germany,,,,,,153600,330.0,473.0,1.002,1.003
97,2020-05-04,Germany,,,,,,153894,294.0,423.0,1.002,1.003
98,2020-05-05,Germany,,,,,,154157,263.0,378.0,1.002,1.002
99,2020-05-06,Germany,,,,,,154392,235.0,338.0,1.002,1.002
100,2020-05-07,Germany,,,,,,154601,209.0,302.0,1.001,1.002
101,2020-05-08,Germany,,,,,,154787,186.0,269.0,1.001,1.002
102,2020-05-09,Germany,,,,,,154954,167.0,241.0,1.001,1.002
103,2020-05-10,Germany,,,,,,155102,148.0,215.0,1.001,1.001
104,2020-05-11,Germany,,,,,,155235,133.0,192.0,1.001,1.001
105,2020-05-12,Germany,,,,,,155353,118.0,171.0,1.001,1.001
106,2020-05-13,Germany,,,,,,155458,105.0,152.0,1.001,1.001
107,2020-05-14,Germany,,,,,,155552,94.0,136.0,1.001,1.001
108,2020-05-15,Germany,,,,,,155635,83.0,121.0,1.001,1.001
109,2020-05-16,Germany,,,,,,155710,75.0,108.0,1.0,1.001
110,2020-05-17,Germany,,,,,,155776,66.0,96.0,1.0,1.001
111,2020-05-18,Germany,,,,,,155835,59.0,86.0,1.0,1.001
112,2020-05-19,Germany,,,,,,155888,53.0,76.0,1.0,1.0
113,2020-05-20,Germany,,,,,,155935,47.0,68.0,1.0,1.0
114,2020-05-21,Germany,,,,,,155976,41.0,61.0,1.0,1.0
115,2020-05-22,Germany,,,,,,156014,38.0,54.0,1.0,1.0
116,2020-05-23,Germany,,,,,,156047,33.0,48.0,1.0,1.0
117,2020-05-24,Germany,,,,,,156076,29.0,43.0,1.0,1.0
118,2020-05-25,Germany,,,,,,156103,27.0,38.0,1.0,1.0
119,2020-05-26,Germany,,,,,,156126,23.0,34.0,1.0,1.0
120,2020-05-27,Germany,,,,,,156147,21.0,30.0,1.0,1.0
121,2020-05-28,Germany,,,,,,156166,19.0,27.0,1.0,1.0
122,2020-05-29,Germany,,,,,,156182,16.0,24.0,1.0,1.0
123,2020-05-30,Germany,,,,,,156197,15.0,21.0,1.0,1.0
124,2020-05-31,Germany,,,,,,156210,13.0,19.0,1.0,1.0
125,2020-06-01,Germany,,,,,,156222,12.0,17.0,1.0,1.0
126,2020-06-02,Germany,,,,,,156232,10.0,15.0,1.0,1.0
127,2020-06-03,Germany,,,,,,156241,9.0,13.0,1.0,1.0
128,2020-06-04,Germany,,,,,,156250,9.0,12.0,1.0,1.0
129,2020-06-05,Germany,,,,,,156257,7.0,11.0,1.0,1.0
130,2020-06-06,Germany,,,,,,156264,7.0,10.0,1.0,1.0
131,2020-06-07,Germany,,,,,,156269,5.0,8.0,1.0,1.0
132,2020-06-08,Germany,,,,,,156275,6.0,8.0,1.0,1.0
133,2020-06-09,Germany,,,,,,156279,4.0,7.0,1.0,1.0
134,2020-06-10,Germany,,,,,,156283,4.0,6.0,1.0,1.0
135,2020-06-11,Germany,,,,,,156287,4.0,5.0,1.0,1.0
136,2020-06-12,Germany,,,,,,156290,3.0,5.0,1.0,1.0
137,2020-06-13,Germany,,,,,,156293,3.0,4.0,1.0,1.0
138,2020-06-14,Germany,,,,,,156296,3.0,4.0,1.0,1.0
139,2020-06-15,Germany,,,,,,156298,2.0,3.0,1.0,1.0
140,2020-06-16,Germany,,,,,,156300,2.0,3.0,1.0,1.0
141,2020-06-17,Germany,,,,,,156302,2.0,3.0,1.0,1.0
142,2020-06-18,Germany,,,,,,156304,2.0,2.0,1.0,1.0
143,2020-06-19,Germany,,,,,,156305,1.0,2.0,1.0,1.0
144,2020-06-20,Germany,,,,,,156306,1.0,2.0,1.0,1.0
145,2020-06-21,Germany,,,,,,156308,2.0,2.0,1.0,1.0
146,2020-06-22,Germany,,,,,,156309,1.0,2.0,1.0,1.0
147,2020-06-23,Germany,,,,,,156310,1.0,1.0,1.0,1.0
148,2020-06-24,Germany,,,,,,156310,0.0,1.0,1.0,1.0
149,2020-06-25,Germany,,,,,,156311,1.0,1.0,1.0,1.0
150,2020-06-26,Germany,,,,,,156312,1.0,1.0,1.0,1.0
151,2020-06-27,Germany,,,,,,156312,0.0,1.0,1.0,1.0
152,2020-06-28,Germany,,,,,,156313,1.0,1.0,1.0,1.0
153,2020-06-29,Germany,,,,,,156313,0.0,1.0,1.0,1.0
154,2020-06-30,Germany,,,,,,156314,1.0,1.0,1.0,1.0
155,2020-07-01,Germany,,,,,,156314,0.0,1.0,1.0,1.0
156,2020-07-02,Germany,,,,,,156314,0.0,0.0,1.0,1.0
157,2020-07-03,Germany,,,,,,156315,1.0,0.0,1.0,1.0
158,2020-07-04,Germany,,,,,,156315,0.0,0.0,1.0,1.0
159,2020-07-05,Germany,,,,,,156315,0.0,0.0,1.0,1.0
160,2020-07-06,Germany,,,,,,156315,0.0,0.0,1.0,1.0
161,2020-07-07,Germany,,,,,,156315,0.0,0.0,1.0,1.0
162,2020-07-08,Germany,,,,,,156316,1.0,0.0,1.0,1.0
163,2020-07-09,Germany,,,,,,156316,0.0,0.0,1.0,1.0
164,2020-07-10,Germany,,,,,,156316,0.0,0.0,1.0,1.0
165,2020-07-11,Germany,,,,,,156316,0.0,0.0,1.0,1.0
166,2020-07-12,Germany,,,,,,156316,0.0,0.0,1.0,1.0
167,2020-07-13,Germany,,,,,,156316,0.0,0.0,1.0,1.0
168,2020-07-14,Germany,,,,,,156316,0.0,0.0,1.0,1.0
169,2020-07-15,Germany,,,,,,156316,0.0,0.0,1.0,1.0
170,2020-07-16,Germany,,,,,,156316,0.0,0.0,1.0,1.0
171,2020-07-17,Germany,,,,,,156317,1.0,0.0,1.0,1.0
172,2020-07-18,Germany,,,,,,156317,0.0,0.0,1.0,1.0
173,2020-07-19,Germany,,,,,,156317,0.0,0.0,1.0,1.0
174,2020-07-20,Germany,,,,,,156317,0.0,0.0,1.0,1.0
175,2020-07-21,Germany,,,,,,156317,0.0,0.0,1.0,1.0
176,2020-07-22,Germany,,,,,,156317,0.0,0.0,1.0,1.0
177,2020-07-23,Germany,,,,,,156317,0.0,0.0,1.0,1.0
