,date,country,confirmed,new_confirmed,new_conf_avg_7,growth,growth_avg_7,predict,new_predict,new_pred_avg_7,p_growth,p_gr_avg_7
0,2020-01-28,Germany,4.0,4.0,,0.0,1.0,0,,,1.0,
1,2020-01-29,Germany,4.0,0.0,,1.0,1.0,0,0.0,,0.0,
2,2020-01-30,Germany,4.0,0.0,,1.0,1.0,0,0.0,,0.0,
3,2020-01-31,Germany,5.0,1.0,,1.25,1.0,0,0.0,,0.0,
4,2020-02-01,Germany,8.0,8.0,,1.6,1.0,0,0.0,,0.0,
5,2020-02-02,Germany,10.0,2.0,,1.25,1.0,0,0.0,,0.0,
6,2020-02-03,Germany,12.0,2.0,2.0,1.2,1.043,0,0.0,,0.0,1.0
7,2020-02-04,Germany,12.0,0.0,2.0,1.0,1.186,0,0.0,1.0,0.0,1.0
8,2020-02-05,Germany,12.0,0.0,2.0,1.0,1.186,1,1.0,1.0,0.0,1.0
9,2020-02-06,Germany,12.0,0.0,2.0,1.0,1.186,1,0.0,1.0,1.0,1.0
10,2020-02-07,Germany,12.0,0.0,2.0,1.0,1.15,1,0.0,1.0,1.0,1.0
11,2020-02-08,Germany,13.0,1.0,1.0,1.083,1.0759999999999998,1,0.0,1.0,1.0,1.0
12,2020-02-09,Germany,13.0,0.0,0.0,1.0,1.04,1,0.0,0.0,1.0,1.0
13,2020-02-10,Germany,15.0,2.0,0.0,1.1540000000000001,1.034,1,0.0,0.0,1.0,1.0
14,2020-02-11,Germany,16.0,1.0,1.0,1.067,1.043,1,0.0,1.0,1.0,1.0
15,2020-02-12,Germany,16.0,0.0,1.0,1.0,1.043,1,0.0,1.0,1.0,1.0
16,2020-02-13,Germany,16.0,0.0,1.0,1.0,1.043,1,0.0,1.0,1.0,1.0
17,2020-02-14,Germany,16.0,0.0,1.0,1.0,1.043,1,0.0,1.0,1.0,1.0
18,2020-02-15,Germany,16.0,0.0,0.0,1.0,1.032,1,0.0,0.0,1.0,1.0
19,2020-02-16,Germany,16.0,0.0,0.0,1.0,1.032,2,1.0,0.0,2.0,1.143
20,2020-02-17,Germany,16.0,0.0,0.0,1.0,1.01,2,0.0,0.0,1.0,1.143
21,2020-02-18,Germany,16.0,0.0,0.0,1.0,1.0,3,1.0,0.0,1.5,1.214
22,2020-02-19,Germany,16.0,0.0,0.0,1.0,1.0,4,1.0,0.0,1.333,1.262
23,2020-02-20,Germany,16.0,0.0,0.0,1.0,1.0,5,1.0,0.0,1.25,1.298
24,2020-02-21,Germany,16.0,0.0,0.0,1.0,1.0,7,2.0,0.0,1.4,1.355
25,2020-02-22,Germany,16.0,0.0,0.0,1.0,1.0,9,2.0,0.0,1.286,1.396
26,2020-02-23,Germany,16.0,0.0,0.0,1.0,1.0,13,4.0,0.0,1.444,1.316
27,2020-02-24,Germany,16.0,0.0,0.0,1.0,1.0,18,5.0,0.0,1.385,1.371
28,2020-02-25,Germany,21.0,5.0,1.0,1.3119999999999998,1.045,24,6.0,1.0,1.333,1.347
29,2020-02-26,Germany,27.0,6.0,2.0,1.286,1.085,34,10.0,2.0,1.417,1.359
30,2020-02-27,Germany,46.0,19.0,4.0,1.704,1.186,47,13.0,4.0,1.382,1.378
31,2020-02-28,Germany,62.0,16.0,7.0,1.348,1.236,66,19.0,7.0,1.404,1.379
32,2020-02-29,Germany,79.0,17.0,9.0,1.274,1.275,92,26.0,9.0,1.394,1.394
33,2020-03-01,Germany,130.0,51.0,16.0,1.646,1.367,127,35.0,16.0,1.38,1.385
34,2020-03-02,Germany,159.0,29.0,20.0,1.2229999999999999,1.399,175,48.0,20.0,1.378,1.384
35,2020-03-03,Germany,196.0,37.0,25.0,1.2329999999999999,1.3880000000000001,241,66.0,25.0,1.377,1.39
36,2020-03-04,Germany,262.0,66.0,34.0,1.337,1.395,330,89.0,34.0,1.369,1.383
37,2020-03-05,Germany,482.0,220.0,62.0,1.84,1.4140000000000001,451,121.0,62.0,1.367,1.381
38,2020-03-06,Germany,670.0,188.0,87.0,1.39,1.42,611,160.0,87.0,1.355,1.374
39,2020-03-07,Germany,799.0,129.0,103.0,1.193,1.409,825,214.0,103.0,1.35,1.368
40,2020-03-08,Germany,1040.0,241.0,130.0,1.3019999999999998,1.36,1106,281.0,130.0,1.341,1.362
41,2020-03-09,Germany,1176.0,136.0,145.0,1.131,1.347,1473,367.0,145.0,1.332,1.356
42,2020-03-10,Germany,1457.0,281.0,180.0,1.239,1.347,1949,476.0,180.0,1.323,1.348
43,2020-03-11,Germany,1908.0,451.0,235.0,1.31,1.344,2558,609.0,235.0,1.312,1.34
44,2020-03-12,Germany,2791.0,883.0,330.0,1.463,1.29,3331,773.0,330.0,1.302,1.331
45,2020-03-13,Germany,3675.0,884.0,429.0,1.317,1.2790000000000001,4300,969.0,429.0,1.291,1.322
46,2020-03-14,Germany,4585.0,910.0,541.0,1.248,1.287,5501,1201.0,541.0,1.279,1.311
47,2020-03-15,Germany,5795.0,1210.0,679.0,1.264,1.2819999999999998,6970,1469.0,679.0,1.267,1.301
48,2020-03-16,Germany,7272.0,1477.0,871.0,1.255,1.2990000000000002,8746,1776.0,871.0,1.255,1.29
49,2020-03-17,Germany,9257.0,1985.0,1114.0,1.273,1.304,10862,2116.0,1114.0,1.242,1.278
50,2020-03-18,Germany,12327.0,3070.0,1488.0,1.3319999999999999,1.307,13350,2488.0,1488.0,1.229,1.266
51,2020-03-19,Germany,15320.0,2993.0,1790.0,1.2429999999999999,1.276,16233,2883.0,1790.0,1.216,1.254
52,2020-03-20,Germany,19848.0,4528.0,2310.0,1.296,1.273,19527,3294.0,2310.0,1.203,1.242
53,2020-03-21,Germany,22213.0,2365.0,2518.0,1.119,1.255,23237,3710.0,2518.0,1.19,1.229
54,2020-03-22,Germany,24873.0,2660.0,2725.0,1.12,1.234,27354,4117.0,2725.0,1.177,1.216
55,2020-03-23,Germany,29056.0,4183.0,3112.0,1.168,1.222,31859,4505.0,3112.0,1.165,1.203
56,2020-03-24,Germany,32986.0,3930.0,3390.0,1.135,1.202,36718,4859.0,3390.0,1.153,1.19
57,2020-03-25,Germany,37323.0,4337.0,3571.0,1.131,1.173,41886,5168.0,3571.0,1.141,1.178
58,2020-03-26,Germany,43938.0,6615.0,4088.0,1.177,1.1640000000000001,47311,5425.0,4088.0,1.13,1.166
59,2020-03-27,Germany,50871.0,6933.0,4432.0,1.158,1.1440000000000001,52931,5620.0,4432.0,1.119,1.154
60,2020-03-28,Germany,57695.0,6824.0,5069.0,1.1340000000000001,1.146,58680,5749.0,5069.0,1.109,1.142
61,2020-03-29,Germany,62290.0,4595.0,5345.0,1.08,1.14,64493,5813.0,5345.0,1.099,1.131
62,2020-03-30,Germany,66951.0,4661.0,5414.0,1.075,1.127,70303,5810.0,5414.0,1.09,1.12
63,2020-03-31,Germany,72378.0,5427.0,5627.0,1.081,1.119,76051,5748.0,5627.0,1.082,1.11
64,2020-04-01,Germany,78301.0,5923.0,5854.0,1.082,1.112,81679,5628.0,5854.0,1.074,1.1
65,2020-04-02,Germany,84515.0,6214.0,5797.0,1.079,1.0979999999999999,87141,5462.0,5797.0,1.067,1.091
66,2020-04-03,Germany,90443.0,5928.0,5653.0,1.07,1.0859999999999999,92394,5253.0,5653.0,1.06,1.083
67,2020-04-04,Germany,95641.0,5198.0,5421.0,1.057,1.075,97407,5013.0,5421.0,1.054,1.075
68,2020-04-05,Germany,99733.0,4092.0,5349.0,1.043,1.07,102157,4750.0,5349.0,1.049,1.068
69,2020-04-06,Germany,103374.0,3641.0,5203.0,1.037,1.064,106627,4470.0,5203.0,1.044,1.061
70,2020-04-07,Germany,,,,,,110808,4181.0,5490.0,1.039,1.055
71,2020-04-08,Germany,,,,,,114696,3888.0,5199.0,1.035,1.05
72,2020-04-09,Germany,,,,,,118295,3599.0,4826.0,1.031,1.045
73,2020-04-10,Germany,,,,,,121609,3314.0,4452.0,1.028,1.04
74,2020-04-11,Germany,,,,,,124650,3041.0,4144.0,1.025,1.036
75,2020-04-12,Germany,,,,,,127429,2779.0,3957.0,1.022,1.032
76,2020-04-13,Germany,,,,,,129961,2532.0,3798.0,1.02,1.029
77,2020-04-14,Germany,,,,,,132260,2299.0,3065.0,1.018,1.026
78,2020-04-15,Germany,,,,,,134342,2082.0,2807.0,1.016,1.023
79,2020-04-16,Germany,,,,,,136223,1881.0,2561.0,1.014,1.02
80,2020-04-17,Germany,,,,,,137918,1695.0,2330.0,1.012,1.018
81,2020-04-18,Germany,,,,,,139444,1526.0,2113.0,1.011,1.016
82,2020-04-19,Germany,,,,,,140814,1370.0,1912.0,1.01,1.014
83,2020-04-20,Germany,,,,,,142043,1229.0,1726.0,1.009,1.013
84,2020-04-21,Germany,,,,,,143144,1101.0,1555.0,1.008,1.011
85,2020-04-22,Germany,,,,,,144128,984.0,1398.0,1.007,1.01
86,2020-04-23,Germany,,,,,,145008,880.0,1255.0,1.006,1.009
87,2020-04-24,Germany,,,,,,145793,785.0,1125.0,1.005,1.008
88,2020-04-25,Germany,,,,,,146493,700.0,1007.0,1.005,1.007
89,2020-04-26,Germany,,,,,,147117,624.0,900.0,1.004,1.006
90,2020-04-27,Germany,,,,,,147673,556.0,804.0,1.004,1.006
91,2020-04-28,Germany,,,,,,148168,495.0,718.0,1.003,1.005
92,2020-04-29,Germany,,,,,,148608,440.0,640.0,1.003,1.004
93,2020-04-30,Germany,,,,,,148999,391.0,570.0,1.003,1.004
94,2020-05-01,Germany,,,,,,149346,347.0,508.0,1.002,1.003
95,2020-05-02,Germany,,,,,,149655,309.0,452.0,1.002,1.003
96,2020-05-03,Germany,,,,,,149930,275.0,402.0,1.002,1.003
97,2020-05-04,Germany,,,,,,150173,243.0,357.0,1.002,1.002
98,2020-05-05,Germany,,,,,,150389,216.0,317.0,1.001,1.002
99,2020-05-06,Germany,,,,,,150581,192.0,282.0,1.001,1.002
100,2020-05-07,Germany,,,,,,150751,170.0,250.0,1.001,1.002
101,2020-05-08,Germany,,,,,,150902,151.0,222.0,1.001,1.001
102,2020-05-09,Germany,,,,,,151036,134.0,197.0,1.001,1.001
103,2020-05-10,Germany,,,,,,151155,119.0,175.0,1.001,1.001
104,2020-05-11,Germany,,,,,,151260,105.0,155.0,1.001,1.001
105,2020-05-12,Germany,,,,,,151353,93.0,138.0,1.001,1.001
106,2020-05-13,Germany,,,,,,151436,83.0,122.0,1.001,1.001
107,2020-05-14,Germany,,,,,,151509,73.0,108.0,1.0,1.001
108,2020-05-15,Germany,,,,,,151574,65.0,96.0,1.0,1.001
109,2020-05-16,Germany,,,,,,151632,58.0,85.0,1.0,1.001
110,2020-05-17,Germany,,,,,,151683,51.0,75.0,1.0,1.0
111,2020-05-18,Germany,,,,,,151728,45.0,67.0,1.0,1.0
112,2020-05-19,Germany,,,,,,151768,40.0,59.0,1.0,1.0
113,2020-05-20,Germany,,,,,,151804,36.0,53.0,1.0,1.0
114,2020-05-21,Germany,,,,,,151835,31.0,47.0,1.0,1.0
115,2020-05-22,Germany,,,,,,151863,28.0,41.0,1.0,1.0
116,2020-05-23,Germany,,,,,,151888,25.0,37.0,1.0,1.0
117,2020-05-24,Germany,,,,,,151910,22.0,32.0,1.0,1.0
118,2020-05-25,Germany,,,,,,151929,19.0,29.0,1.0,1.0
119,2020-05-26,Germany,,,,,,151946,17.0,25.0,1.0,1.0
120,2020-05-27,Germany,,,,,,151962,16.0,23.0,1.0,1.0
121,2020-05-28,Germany,,,,,,151975,13.0,20.0,1.0,1.0
122,2020-05-29,Germany,,,,,,151987,12.0,18.0,1.0,1.0
123,2020-05-30,Germany,,,,,,151998,11.0,16.0,1.0,1.0
124,2020-05-31,Germany,,,,,,152007,9.0,14.0,1.0,1.0
125,2020-06-01,Germany,,,,,,152015,8.0,12.0,1.0,1.0
126,2020-06-02,Germany,,,,,,152023,8.0,11.0,1.0,1.0
127,2020-06-03,Germany,,,,,,152029,6.0,10.0,1.0,1.0
128,2020-06-04,Germany,,,,,,152035,6.0,9.0,1.0,1.0
129,2020-06-05,Germany,,,,,,152040,5.0,8.0,1.0,1.0
130,2020-06-06,Germany,,,,,,152044,4.0,7.0,1.0,1.0
131,2020-06-07,Germany,,,,,,152048,4.0,6.0,1.0,1.0
132,2020-06-08,Germany,,,,,,152052,4.0,5.0,1.0,1.0
133,2020-06-09,Germany,,,,,,152055,3.0,5.0,1.0,1.0
134,2020-06-10,Germany,,,,,,152058,3.0,4.0,1.0,1.0
135,2020-06-11,Germany,,,,,,152060,2.0,4.0,1.0,1.0
136,2020-06-12,Germany,,,,,,152063,3.0,3.0,1.0,1.0
137,2020-06-13,Germany,,,,,,152065,2.0,3.0,1.0,1.0
138,2020-06-14,Germany,,,,,,152066,1.0,3.0,1.0,1.0
139,2020-06-15,Germany,,,,,,152068,2.0,2.0,1.0,1.0
140,2020-06-16,Germany,,,,,,152069,1.0,2.0,1.0,1.0
141,2020-06-17,Germany,,,,,,152070,1.0,2.0,1.0,1.0
142,2020-06-18,Germany,,,,,,152071,1.0,2.0,1.0,1.0
143,2020-06-19,Germany,,,,,,152072,1.0,1.0,1.0,1.0
144,2020-06-20,Germany,,,,,,152073,1.0,1.0,1.0,1.0
145,2020-06-21,Germany,,,,,,152074,1.0,1.0,1.0,1.0
146,2020-06-22,Germany,,,,,,152075,1.0,1.0,1.0,1.0
147,2020-06-23,Germany,,,,,,152075,0.0,1.0,1.0,1.0
148,2020-06-24,Germany,,,,,,152076,1.0,1.0,1.0,1.0
149,2020-06-25,Germany,,,,,,152076,0.0,1.0,1.0,1.0
150,2020-06-26,Germany,,,,,,152076,0.0,1.0,1.0,1.0
151,2020-06-27,Germany,,,,,,152077,1.0,1.0,1.0,1.0
152,2020-06-28,Germany,,,,,,152077,0.0,0.0,1.0,1.0
153,2020-06-29,Germany,,,,,,152077,0.0,0.0,1.0,1.0
154,2020-06-30,Germany,,,,,,152078,1.0,0.0,1.0,1.0
155,2020-07-01,Germany,,,,,,152078,0.0,0.0,1.0,1.0
156,2020-07-02,Germany,,,,,,152078,0.0,0.0,1.0,1.0
157,2020-07-03,Germany,,,,,,152078,0.0,0.0,1.0,1.0
158,2020-07-04,Germany,,,,,,152078,0.0,0.0,1.0,1.0
159,2020-07-05,Germany,,,,,,152079,1.0,0.0,1.0,1.0
160,2020-07-06,Germany,,,,,,152079,0.0,0.0,1.0,1.0
161,2020-07-07,Germany,,,,,,152079,0.0,0.0,1.0,1.0
162,2020-07-08,Germany,,,,,,152079,0.0,0.0,1.0,1.0
163,2020-07-09,Germany,,,,,,152079,0.0,0.0,1.0,1.0
164,2020-07-10,Germany,,,,,,152079,0.0,0.0,1.0,1.0
165,2020-07-11,Germany,,,,,,152079,0.0,0.0,1.0,1.0
166,2020-07-12,Germany,,,,,,152079,0.0,0.0,1.0,1.0
167,2020-07-13,Germany,,,,,,152079,0.0,0.0,1.0,1.0
168,2020-07-14,Germany,,,,,,152079,0.0,0.0,1.0,1.0
169,2020-07-15,Germany,,,,,,152079,0.0,0.0,1.0,1.0
170,2020-07-16,Germany,,,,,,152079,0.0,0.0,1.0,1.0
171,2020-07-17,Germany,,,,,,152079,0.0,0.0,1.0,1.0
172,2020-07-18,Germany,,,,,,152079,0.0,0.0,1.0,1.0
173,2020-07-19,Germany,,,,,,152079,0.0,0.0,1.0,1.0
174,2020-07-20,Germany,,,,,,152079,0.0,0.0,1.0,1.0
175,2020-07-21,Germany,,,,,,152079,0.0,0.0,1.0,1.0
176,2020-07-22,Germany,,,,,,152079,0.0,0.0,1.0,1.0
177,2020-07-23,Germany,,,,,,152079,0.0,0.0,1.0,1.0
