,date,country,confirmed,new_confirmed,new_conf_avg_7,growth,growth_avg_7,predict,new_predict,new_pred_avg_7,p_growth,p_gr_avg_7
0,2020-01-23,Australia,0.0,0.0,,0.0,1.0,,,,,
1,2020-01-25,Australia,4.0,4.0,,0.0,1.0,,,,,
2,2020-01-26,Australia,4.0,0.0,,1.0,1.0,,,,,
3,2020-01-27,Australia,5.0,5.0,,1.25,1.0,,,,,
4,2020-01-28,Australia,5.0,0.0,,1.0,1.0,,,,,
5,2020-01-29,Australia,5.0,0.0,,1.0,1.0,,,,,
6,2020-01-30,Australia,9.0,4.0,2.0,1.8,1.0,,,,,
7,2020-01-31,Australia,10.0,1.0,2.0,1.111,1.023,,,1.0,,
8,2020-02-01,Australia,12.0,2.0,2.0,1.2,1.194,,,1.0,,
9,2020-02-02,Australia,12.0,0.0,2.0,1.0,1.194,,,1.0,,
10,2020-02-03,Australia,12.0,0.0,1.0,1.0,1.159,,,1.0,,
11,2020-02-04,Australia,13.0,1.0,1.0,1.083,1.171,,,1.0,,
12,2020-02-05,Australia,13.0,0.0,1.0,1.0,1.171,,,1.0,,
13,2020-02-06,Australia,14.0,1.0,1.0,1.077,1.067,,,1.0,,
14,2020-02-07,Australia,15.0,1.0,1.0,1.071,1.062,,,1.0,,
15,2020-02-08,Australia,15.0,0.0,0.0,1.0,1.033,,,0.0,,
16,2020-02-09,Australia,15.0,0.0,0.0,1.0,1.033,,,0.0,,
17,2020-02-10,Australia,15.0,0.0,0.0,1.0,1.033,,,0.0,,
18,2020-02-11,Australia,15.0,0.0,0.0,1.0,1.021,,,0.0,,
19,2020-02-12,Australia,15.0,0.0,0.0,1.0,1.021,,,0.0,,
20,2020-02-13,Australia,15.0,0.0,0.0,1.0,1.01,,,0.0,,
21,2020-02-14,Australia,15.0,0.0,0.0,1.0,1.0,,,0.0,,
22,2020-02-15,Australia,15.0,0.0,0.0,1.0,1.0,,,0.0,,
23,2020-02-16,Australia,15.0,0.0,0.0,1.0,1.0,,,0.0,,
24,2020-02-17,Australia,15.0,0.0,0.0,1.0,1.0,,,0.0,,
25,2020-02-18,Australia,15.0,0.0,0.0,1.0,1.0,,,0.0,,
26,2020-02-19,Australia,15.0,0.0,0.0,1.0,1.0,,,0.0,,
27,2020-02-20,Australia,15.0,0.0,0.0,1.0,1.0,,,0.0,,
28,2020-02-21,Australia,19.0,4.0,1.0,1.2670000000000001,1.038,,,1.0,,
29,2020-02-22,Australia,22.0,3.0,1.0,1.158,1.061,,,1.0,,
30,2020-02-23,Australia,22.0,0.0,1.0,1.0,1.061,,,1.0,,
31,2020-02-24,Australia,22.0,0.0,1.0,1.0,1.061,,,1.0,,
32,2020-02-25,Australia,22.0,0.0,1.0,1.0,1.061,,,1.0,,
33,2020-02-26,Australia,22.0,0.0,1.0,1.0,1.061,,,1.0,,
34,2020-02-27,Australia,23.0,1.0,1.0,1.045,1.067,,,1.0,,
35,2020-02-28,Australia,22.0,-1.0,0.0,0.9570000000000001,1.023,,,0.0,,
36,2020-02-29,Australia,30.0,8.0,1.0,1.364,1.052,,,1.0,,
37,2020-03-01,Australia,28.0,-2.0,1.0,0.9329999999999999,1.043,,,1.0,,
38,2020-03-02,Australia,34.0,6.0,2.0,1.214,1.073,,,2.0,,
39,2020-03-03,Australia,40.0,6.0,3.0,1.176,1.0979999999999999,,,3.0,,
40,2020-03-04,Australia,53.0,13.0,4.0,1.325,1.145,,,4.0,,
41,2020-03-05,Australia,57.0,4.0,5.0,1.075,1.149,109.0,,5.0,,
42,2020-03-06,Australia,60.0,3.0,5.0,1.053,1.163,111.0,2.0,5.0,1.018,
43,2020-03-07,Australia,67.0,7.0,5.0,1.117,1.128,114.0,3.0,5.0,1.027,
44,2020-03-08,Australia,78.0,11.0,7.0,1.1640000000000001,1.161,119.0,5.0,7.0,1.044,
45,2020-03-09,Australia,92.0,14.0,8.0,1.179,1.156,126.0,7.0,8.0,1.059,
46,2020-03-10,Australia,108.0,16.0,10.0,1.1740000000000002,1.155,137.0,11.0,10.0,1.087,
47,2020-03-11,Australia,128.0,20.0,11.0,1.185,1.135,153.0,16.0,11.0,1.117,
48,2020-03-12,Australia,161.0,33.0,15.0,1.258,1.161,176.0,23.0,15.0,1.15,1.072
49,2020-03-13,Australia,200.0,39.0,20.0,1.242,1.188,210.0,34.0,20.0,1.193,1.097
50,2020-03-14,Australia,250.0,50.0,26.0,1.25,1.207,257.0,47.0,26.0,1.224,1.125
51,2020-03-15,Australia,306.0,56.0,33.0,1.224,1.216,324.0,67.0,33.0,1.261,1.156
52,2020-03-16,Australia,377.0,71.0,41.0,1.232,1.224,414.0,90.0,41.0,1.278,1.187
53,2020-03-17,Australia,457.0,80.0,50.0,1.212,1.229,534.0,120.0,50.0,1.29,1.216
54,2020-03-18,Australia,568.0,111.0,63.0,1.2429999999999999,1.237,689.0,155.0,63.0,1.29,1.241
55,2020-03-19,Australia,682.0,114.0,74.0,1.2009999999999998,1.229,883.0,194.0,74.0,1.282,1.26
56,2020-03-20,Australia,848.0,166.0,93.0,1.2429999999999999,1.229,1120.0,237.0,93.0,1.268,1.27
57,2020-03-21,Australia,1071.0,223.0,117.0,1.263,1.2309999999999999,1398.0,278.0,117.0,1.248,1.274
58,2020-03-22,Australia,1364.0,293.0,151.0,1.274,1.238,1715.0,317.0,151.0,1.227,1.269
59,2020-03-23,Australia,1682.0,318.0,186.0,1.2329999999999999,1.238,2064.0,349.0,186.0,1.203,1.258
60,2020-03-24,Australia,2048.0,366.0,227.0,1.218,1.239,2437.0,373.0,227.0,1.181,1.243
61,2020-03-25,Australia,2434.0,386.0,267.0,1.188,1.2309999999999999,2824.0,387.0,267.0,1.159,1.224
62,2020-03-26,Australia,2810.0,376.0,304.0,1.1540000000000001,1.225,3212.0,388.0,304.0,1.137,1.203
63,2020-03-27,Australia,3206.0,396.0,337.0,1.141,1.21,3592.0,380.0,337.0,1.118,1.182
64,2020-03-28,Australia,3640.0,434.0,367.0,1.135,1.192,3955.0,363.0,367.0,1.101,1.161
65,2020-03-29,Australia,4010.0,370.0,378.0,1.102,1.167,4294.0,339.0,378.0,1.086,1.141
66,2020-03-30,Australia,4408.0,398.0,389.0,1.099,1.148,4604.0,310.0,389.0,1.072,1.122
67,2020-03-31,Australia,4633.0,225.0,369.0,1.051,1.124,4883.0,279.0,369.0,1.061,1.105
68,2020-04-01,Australia,4836.0,203.0,343.0,1.044,1.104,5130.0,247.0,343.0,1.051,1.089
69,2020-04-02,Australia,5093.0,257.0,326.0,1.053,1.089,5346.0,216.0,326.0,1.042,1.076
70,2020-04-03,Australia,5331.0,238.0,304.0,1.047,1.0759999999999998,5533.0,187.0,304.0,1.035,1.064
71,2020-04-04,Australia,5508.0,177.0,267.0,1.033,1.061,5694.0,161.0,267.0,1.029,1.054
72,2020-04-05,Australia,5672.0,164.0,237.0,1.03,1.051,5830.0,136.0,237.0,1.024,1.045
73,2020-04-06,Australia,5789.0,117.0,197.0,1.021,1.04,5946.0,116.0,197.0,1.02,1.037
74,2020-04-07,Australia,5902.0,113.0,181.0,1.02,1.035,6043.0,97.0,181.0,1.016,1.031
75,2020-04-08,Australia,5999.0,97.0,166.0,1.016,1.031,6124.0,81.0,166.0,1.013,1.026
76,2020-04-09,Australia,6112.0,113.0,146.0,1.0190000000000001,1.0270000000000001,6192.0,68.0,146.0,1.011,1.021
77,2020-04-10,Australia,6203.0,91.0,125.0,1.015,1.022,6248.0,56.0,125.0,1.009,1.017
78,2020-04-11,Australia,6263.0,60.0,108.0,1.01,1.0190000000000001,6294.0,46.0,108.0,1.007,1.014
79,2020-04-12,Australia,6325.0,62.0,93.0,1.01,1.016,6333.0,39.0,93.0,1.006,1.012
80,2020-04-13,Australia,6363.0,38.0,82.0,1.006,1.014,6364.0,31.0,82.0,1.005,1.01
81,2020-04-14,Australia,6415.0,52.0,73.0,1.008,1.012,6391.0,27.0,73.0,1.004,1.008
82,2020-04-15,Australia,,,,,,6412.0,21.0,59.0,1.003,1.006
83,2020-04-16,Australia,,,,,,6430.0,18.0,45.0,1.003,1.005
84,2020-04-17,Australia,,,,,,6444.0,14.0,34.0,1.002,1.004
85,2020-04-18,Australia,,,,,,6456.0,12.0,28.0,1.002,1.004
86,2020-04-19,Australia,,,,,,6466.0,10.0,20.0,1.002,1.003
87,2020-04-20,Australia,,,,,,6474.0,8.0,16.0,1.001,1.002
88,2020-04-21,Australia,,,,,,6481.0,7.0,9.0,1.001,1.002
89,2020-04-22,Australia,,,,,,6486.0,5.0,11.0,1.001,1.002
90,2020-04-23,Australia,,,,,,6491.0,5.0,9.0,1.001,1.001
91,2020-04-24,Australia,,,,,,6494.0,3.0,7.0,1.0,1.001
92,2020-04-25,Australia,,,,,,6497.0,3.0,6.0,1.0,1.001
93,2020-04-26,Australia,,,,,,6500.0,3.0,5.0,1.0,1.001
94,2020-04-27,Australia,,,,,,6502.0,2.0,4.0,1.0,1.0
95,2020-04-28,Australia,,,,,,6503.0,1.0,3.0,1.0,1.0
96,2020-04-29,Australia,,,,,,6505.0,2.0,3.0,1.0,1.0
97,2020-04-30,Australia,,,,,,6506.0,1.0,2.0,1.0,1.0
98,2020-05-01,Australia,,,,,,6507.0,1.0,2.0,1.0,1.0
99,2020-05-02,Australia,,,,,,6508.0,1.0,2.0,1.0,1.0
100,2020-05-03,Australia,,,,,,6508.0,0.0,1.0,1.0,1.0
101,2020-05-04,Australia,,,,,,6509.0,1.0,1.0,1.0,1.0
102,2020-05-05,Australia,,,,,,6509.0,0.0,1.0,1.0,1.0
103,2020-05-06,Australia,,,,,,6509.0,0.0,1.0,1.0,1.0
104,2020-05-07,Australia,,,,,,6510.0,1.0,1.0,1.0,1.0
105,2020-05-08,Australia,,,,,,6510.0,0.0,0.0,1.0,1.0
106,2020-05-09,Australia,,,,,,6510.0,0.0,0.0,1.0,1.0
107,2020-05-10,Australia,,,,,,6510.0,0.0,0.0,1.0,1.0
108,2020-05-11,Australia,,,,,,6510.0,0.0,0.0,1.0,1.0
109,2020-05-12,Australia,,,,,,6510.0,0.0,0.0,1.0,1.0
110,2020-05-13,Australia,,,,,,6510.0,0.0,0.0,1.0,1.0
111,2020-05-14,Australia,,,,,,6511.0,1.0,0.0,1.0,1.0
112,2020-05-15,Australia,,,,,,6511.0,0.0,0.0,1.0,1.0
113,2020-05-16,Australia,,,,,,6511.0,0.0,0.0,1.0,1.0
114,2020-05-17,Australia,,,,,,6511.0,0.0,0.0,1.0,1.0
115,2020-05-18,Australia,,,,,,6511.0,0.0,0.0,1.0,1.0
116,2020-05-19,Australia,,,,,,6511.0,0.0,0.0,1.0,1.0
117,2020-05-20,Australia,,,,,,6511.0,0.0,0.0,1.0,1.0
118,2020-05-21,Australia,,,,,,6511.0,0.0,0.0,1.0,1.0
119,2020-05-22,Australia,,,,,,6511.0,0.0,0.0,1.0,1.0
120,2020-05-23,Australia,,,,,,6511.0,0.0,0.0,1.0,1.0
