,date,country,confirmed,new_confirmed,new_conf_avg_7,growth,growth_avg_7,predict,new_predict,new_pred_avg_7,p_growth,p_gr_avg_7
0,2020-02-04,Belgium,1.0,1.0,,0.0,1.0,,,,,
1,2020-02-05,Belgium,1.0,0.0,,1.0,1.0,,,,,
2,2020-02-06,Belgium,1.0,0.0,,1.0,1.0,,,,,
3,2020-02-07,Belgium,1.0,0.0,,1.0,1.0,,,,,
4,2020-02-08,Belgium,1.0,0.0,,1.0,1.0,,,,,
5,2020-02-09,Belgium,1.0,0.0,,1.0,1.0,,,,,
6,2020-02-10,Belgium,1.0,0.0,0.0,1.0,1.0,,,,,
7,2020-02-11,Belgium,1.0,0.0,0.0,1.0,1.0,,,0.0,,
8,2020-02-12,Belgium,1.0,0.0,0.0,1.0,1.0,,,0.0,,
9,2020-02-13,Belgium,1.0,0.0,0.0,1.0,1.0,,,0.0,,
10,2020-02-14,Belgium,1.0,0.0,0.0,1.0,1.0,,,0.0,,
11,2020-02-15,Belgium,1.0,0.0,0.0,1.0,1.0,,,0.0,,
12,2020-02-16,Belgium,1.0,0.0,0.0,1.0,1.0,,,0.0,,
13,2020-02-17,Belgium,1.0,0.0,0.0,1.0,1.0,,,0.0,,
14,2020-02-18,Belgium,1.0,0.0,0.0,1.0,1.0,,,0.0,,
15,2020-02-19,Belgium,1.0,0.0,0.0,1.0,1.0,,,0.0,,
16,2020-02-20,Belgium,1.0,0.0,0.0,1.0,1.0,,,0.0,,
17,2020-02-21,Belgium,1.0,0.0,0.0,1.0,1.0,,,0.0,,
18,2020-02-22,Belgium,1.0,0.0,0.0,1.0,1.0,,,0.0,,
19,2020-02-23,Belgium,1.0,0.0,0.0,1.0,1.0,,,0.0,,
20,2020-02-24,Belgium,1.0,0.0,0.0,1.0,1.0,,,0.0,,
21,2020-02-25,Belgium,1.0,0.0,0.0,1.0,1.0,,,0.0,,
22,2020-02-26,Belgium,1.0,0.0,0.0,1.0,1.0,,,0.0,,
23,2020-02-27,Belgium,1.0,0.0,0.0,1.0,1.0,,,0.0,,
24,2020-02-28,Belgium,1.0,0.0,0.0,1.0,1.0,,,0.0,,
25,2020-02-29,Belgium,1.0,0.0,0.0,1.0,1.0,,,0.0,,
26,2020-03-01,Belgium,2.0,1.0,0.0,2.0,1.143,,,0.0,,
27,2020-03-02,Belgium,8.0,6.0,1.0,4.0,1.571,212.0,,1.0,,
28,2020-03-03,Belgium,13.0,5.0,2.0,1.625,1.661,213.0,1.0,2.0,1.005,
29,2020-03-04,Belgium,23.0,10.0,3.0,1.7690000000000001,1.771,215.0,2.0,3.0,1.009,
30,2020-03-05,Belgium,50.0,27.0,7.0,2.174,1.9380000000000002,219.0,4.0,7.0,1.019,
31,2020-03-06,Belgium,109.0,59.0,15.0,2.18,2.1069999999999998,225.0,6.0,15.0,1.027,
32,2020-03-07,Belgium,169.0,60.0,24.0,1.55,2.185,235.0,10.0,24.0,1.044,
33,2020-03-08,Belgium,200.0,31.0,28.0,1.183,2.069,251.0,16.0,28.0,1.068,
34,2020-03-09,Belgium,239.0,39.0,33.0,1.195,1.6680000000000001,275.0,24.0,33.0,1.096,1.038
35,2020-03-10,Belgium,267.0,28.0,36.0,1.117,1.595,312.0,37.0,36.0,1.135,1.057
36,2020-03-11,Belgium,314.0,47.0,42.0,1.176,1.511,364.0,52.0,42.0,1.167,1.079
37,2020-03-12,Belgium,436.0,122.0,55.0,1.389,1.399,438.0,74.0,55.0,1.203,1.106
38,2020-03-13,Belgium,559.0,123.0,64.0,1.2819999999999998,1.27,541.0,103.0,64.0,1.235,1.135
39,2020-03-14,Belgium,689.0,130.0,74.0,1.2329999999999999,1.225,678.0,137.0,74.0,1.253,1.165
40,2020-03-15,Belgium,886.0,197.0,98.0,1.286,1.24,859.0,181.0,98.0,1.267,1.194
41,2020-03-16,Belgium,1058.0,172.0,117.0,1.194,1.24,1092.0,233.0,117.0,1.271,1.219
42,2020-03-17,Belgium,1243.0,185.0,139.0,1.175,1.248,1384.0,292.0,139.0,1.267,1.238
43,2020-03-18,Belgium,1486.0,243.0,167.0,1.195,1.251,1745.0,361.0,167.0,1.261,1.251
44,2020-03-19,Belgium,1795.0,309.0,194.0,1.208,1.225,2181.0,436.0,194.0,1.25,1.258
45,2020-03-20,Belgium,2257.0,462.0,243.0,1.2570000000000001,1.2209999999999999,2700.0,519.0,243.0,1.238,1.258
46,2020-03-21,Belgium,2815.0,558.0,304.0,1.247,1.2229999999999999,3305.0,605.0,304.0,1.224,1.254
47,2020-03-22,Belgium,3401.0,586.0,359.0,1.208,1.212,4002.0,697.0,359.0,1.211,1.246
48,2020-03-23,Belgium,3835.0,434.0,397.0,1.128,1.203,4790.0,788.0,397.0,1.197,1.235
49,2020-03-24,Belgium,4269.0,434.0,432.0,1.113,1.194,5671.0,881.0,432.0,1.184,1.224
50,2020-03-25,Belgium,4937.0,668.0,493.0,1.156,1.188,6640.0,969.0,493.0,1.171,1.211
51,2020-03-26,Belgium,6235.0,1298.0,634.0,1.263,1.196,7694.0,1054.0,634.0,1.159,1.198
52,2020-03-27,Belgium,7284.0,1049.0,718.0,1.168,1.183,8827.0,1133.0,718.0,1.147,1.185
53,2020-03-28,Belgium,9134.0,1850.0,903.0,1.254,1.1840000000000002,10031.0,1204.0,903.0,1.136,1.172
54,2020-03-29,Belgium,10836.0,1702.0,1062.0,1.186,1.181,11298.0,1267.0,1062.0,1.126,1.16
55,2020-03-30,Belgium,11805.0,969.0,1139.0,1.089,1.176,12618.0,1320.0,1139.0,1.117,1.149
56,2020-03-31,Belgium,12931.0,1126.0,1237.0,1.095,1.173,13981.0,1363.0,1237.0,1.108,1.138
57,2020-04-01,Belgium,14061.0,1130.0,1303.0,1.087,1.163,15377.0,1396.0,1303.0,1.1,1.128
58,2020-04-02,Belgium,15367.0,1306.0,1305.0,1.093,1.139,16795.0,1418.0,1305.0,1.092,1.118
59,2020-04-03,Belgium,16889.0,1522.0,1372.0,1.099,1.129,18226.0,1431.0,1372.0,1.085,1.109
60,2020-04-04,Belgium,18230.0,1341.0,1299.0,1.079,1.104,19659.0,1433.0,1299.0,1.079,1.101
61,2020-04-05,Belgium,19622.0,1392.0,1255.0,1.0759999999999998,1.088,21085.0,1426.0,1255.0,1.073,1.093
62,2020-04-06,Belgium,20942.0,1320.0,1305.0,1.067,1.085,22497.0,1412.0,1305.0,1.067,1.086
63,2020-04-07,Belgium,22108.0,1166.0,1311.0,1.056,1.08,23887.0,1390.0,1311.0,1.062,1.08
64,2020-04-08,Belgium,23588.0,1480.0,1361.0,1.067,1.077,25249.0,1362.0,1361.0,1.057,1.074
65,2020-04-09,Belgium,25035.0,1447.0,1381.0,1.061,1.072,26577.0,1328.0,1381.0,1.053,1.068
66,2020-04-10,Belgium,26500.0,1465.0,1373.0,1.0590000000000002,1.0659999999999998,27865.0,1288.0,1373.0,1.048,1.063
67,2020-04-11,Belgium,28157.0,1657.0,1418.0,1.063,1.064,29112.0,1247.0,1418.0,1.045,1.058
68,2020-04-12,Belgium,29303.0,1146.0,1383.0,1.041,1.0590000000000002,30312.0,1200.0,1383.0,1.041,1.053
69,2020-04-13,Belgium,30383.0,1080.0,1349.0,1.037,1.055,31464.0,1152.0,1349.0,1.038,1.049
70,2020-04-14,Belgium,32081.0,1698.0,1425.0,1.056,1.055,32567.0,1103.0,1425.0,1.035,1.045
71,2020-04-15,Belgium,32964.0,883.0,1339.0,1.028,1.0490000000000002,33620.0,1053.0,1339.0,1.032,1.042
72,2020-04-16,Belgium,34855.0,1891.0,1403.0,1.057,1.0490000000000002,34621.0,1001.0,1403.0,1.03,1.038
73,2020-04-17,Belgium,35996.0,1141.0,1357.0,1.033,1.045,35572.0,951.0,1357.0,1.027,1.035
74,2020-04-18,Belgium,37317.0,1321.0,1309.0,1.037,1.041,36472.0,900.0,1309.0,1.025,1.033
75,2020-04-19,Belgium,38583.0,1266.0,1326.0,1.034,1.04,37322.0,850.0,1326.0,1.023,1.03
76,2020-04-20,Belgium,39726.0,1143.0,1335.0,1.03,1.0390000000000001,38125.0,803.0,1335.0,1.022,1.028
77,2020-04-21,Belgium,40936.0,1210.0,1265.0,1.03,1.036,38880.0,755.0,1265.0,1.02,1.026
78,2020-04-22,Belgium,41876.0,940.0,1273.0,1.023,1.035,39590.0,710.0,1273.0,1.018,1.024
79,2020-04-23,Belgium,42797.0,921.0,1135.0,1.022,1.03,40256.0,666.0,1135.0,1.017,1.022
80,2020-04-24,Belgium,,,,,,40881.0,625.0,698.0,1.016,1.02
81,2020-04-25,Belgium,,,,,,41465.0,584.0,593.0,1.014,1.019
82,2020-04-26,Belgium,,,,,,42011.0,546.0,490.0,1.013,1.017
83,2020-04-27,Belgium,,,,,,42521.0,510.0,399.0,1.012,1.016
84,2020-04-28,Belgium,,,,,,42996.0,475.0,294.0,1.011,1.014
85,2020-04-29,Belgium,,,,,,43439.0,443.0,223.0,1.01,1.013
86,2020-04-30,Belgium,,,,,,43852.0,413.0,151.0,1.01,1.012
87,2020-05-01,Belgium,,,,,,44235.0,383.0,479.0,1.009,1.011
88,2020-05-02,Belgium,,,,,,44592.0,357.0,447.0,1.008,1.01
89,2020-05-03,Belgium,,,,,,44923.0,331.0,416.0,1.007,1.01
90,2020-05-04,Belgium,,,,,,45230.0,307.0,387.0,1.007,1.009
91,2020-05-05,Belgium,,,,,,45515.0,285.0,360.0,1.006,1.008
92,2020-05-06,Belgium,,,,,,45780.0,265.0,334.0,1.006,1.008
93,2020-05-07,Belgium,,,,,,46025.0,245.0,310.0,1.005,1.007
94,2020-05-08,Belgium,,,,,,46252.0,227.0,288.0,1.005,1.006
95,2020-05-09,Belgium,,,,,,46462.0,210.0,267.0,1.005,1.006
96,2020-05-10,Belgium,,,,,,46656.0,194.0,248.0,1.004,1.005
97,2020-05-11,Belgium,,,,,,46836.0,180.0,229.0,1.004,1.005
98,2020-05-12,Belgium,,,,,,47003.0,167.0,213.0,1.004,1.005
99,2020-05-13,Belgium,,,,,,47157.0,154.0,197.0,1.003,1.004
100,2020-05-14,Belgium,,,,,,47299.0,142.0,182.0,1.003,1.004
101,2020-05-15,Belgium,,,,,,47430.0,131.0,168.0,1.003,1.004
102,2020-05-16,Belgium,,,,,,47552.0,122.0,156.0,1.003,1.003
103,2020-05-17,Belgium,,,,,,47664.0,112.0,144.0,1.002,1.003
104,2020-05-18,Belgium,,,,,,47767.0,103.0,133.0,1.002,1.003
105,2020-05-19,Belgium,,,,,,47863.0,96.0,123.0,1.002,1.003
106,2020-05-20,Belgium,,,,,,47951.0,88.0,113.0,1.002,1.002
107,2020-05-21,Belgium,,,,,,48033.0,82.0,105.0,1.002,1.002
108,2020-05-22,Belgium,,,,,,48108.0,75.0,97.0,1.002,1.002
109,2020-05-23,Belgium,,,,,,48177.0,69.0,89.0,1.001,1.002
110,2020-05-24,Belgium,,,,,,48241.0,64.0,82.0,1.001,1.002
111,2020-05-25,Belgium,,,,,,48300.0,59.0,76.0,1.001,1.002
112,2020-05-26,Belgium,,,,,,48355.0,55.0,70.0,1.001,1.001
113,2020-05-27,Belgium,,,,,,48405.0,50.0,65.0,1.001,1.001
114,2020-05-28,Belgium,,,,,,48451.0,46.0,60.0,1.001,1.001
115,2020-05-29,Belgium,,,,,,48494.0,43.0,55.0,1.001,1.001
116,2020-05-30,Belgium,,,,,,48534.0,40.0,51.0,1.001,1.001
117,2020-05-31,Belgium,,,,,,48570.0,36.0,47.0,1.001,1.001
118,2020-06-01,Belgium,,,,,,48603.0,33.0,43.0,1.001,1.001
119,2020-06-02,Belgium,,,,,,48634.0,31.0,40.0,1.001,1.001
120,2020-06-03,Belgium,,,,,,48663.0,29.0,37.0,1.001,1.001
121,2020-06-04,Belgium,,,,,,48689.0,26.0,34.0,1.001,1.001
122,2020-06-05,Belgium,,,,,,48713.0,24.0,31.0,1.0,1.001
123,2020-06-06,Belgium,,,,,,48736.0,23.0,29.0,1.0,1.001
124,2020-06-07,Belgium,,,,,,48756.0,20.0,27.0,1.0,1.001
125,2020-06-08,Belgium,,,,,,48775.0,19.0,25.0,1.0,1.0
126,2020-06-09,Belgium,,,,,,48792.0,17.0,23.0,1.0,1.0
127,2020-06-10,Belgium,,,,,,48809.0,17.0,21.0,1.0,1.0
128,2020-06-11,Belgium,,,,,,48823.0,14.0,19.0,1.0,1.0
129,2020-06-12,Belgium,,,,,,48837.0,14.0,18.0,1.0,1.0
130,2020-06-13,Belgium,,,,,,48850.0,13.0,16.0,1.0,1.0
131,2020-06-14,Belgium,,,,,,48861.0,11.0,15.0,1.0,1.0
132,2020-06-15,Belgium,,,,,,48872.0,11.0,14.0,1.0,1.0
133,2020-06-16,Belgium,,,,,,48882.0,10.0,13.0,1.0,1.0
134,2020-06-17,Belgium,,,,,,48891.0,9.0,12.0,1.0,1.0
135,2020-06-18,Belgium,,,,,,48899.0,8.0,11.0,1.0,1.0
136,2020-06-19,Belgium,,,,,,48907.0,8.0,10.0,1.0,1.0
137,2020-06-20,Belgium,,,,,,48914.0,7.0,9.0,1.0,1.0
138,2020-06-21,Belgium,,,,,,48921.0,7.0,9.0,1.0,1.0
139,2020-06-22,Belgium,,,,,,48927.0,6.0,8.0,1.0,1.0
140,2020-06-23,Belgium,,,,,,48932.0,5.0,7.0,1.0,1.0
141,2020-06-24,Belgium,,,,,,48937.0,5.0,7.0,1.0,1.0
142,2020-06-25,Belgium,,,,,,48942.0,5.0,6.0,1.0,1.0
143,2020-06-26,Belgium,,,,,,48946.0,4.0,6.0,1.0,1.0
144,2020-06-27,Belgium,,,,,,48950.0,4.0,5.0,1.0,1.0
145,2020-06-28,Belgium,,,,,,48954.0,4.0,5.0,1.0,1.0
146,2020-06-29,Belgium,,,,,,48957.0,3.0,4.0,1.0,1.0
147,2020-06-30,Belgium,,,,,,48961.0,4.0,4.0,1.0,1.0
148,2020-07-01,Belgium,,,,,,48963.0,2.0,4.0,1.0,1.0
149,2020-07-02,Belgium,,,,,,48966.0,3.0,3.0,1.0,1.0
150,2020-07-03,Belgium,,,,,,48969.0,3.0,3.0,1.0,1.0
151,2020-07-04,Belgium,,,,,,48971.0,2.0,3.0,1.0,1.0
152,2020-07-05,Belgium,,,,,,48973.0,2.0,3.0,1.0,1.0
153,2020-07-06,Belgium,,,,,,48975.0,2.0,3.0,1.0,1.0
154,2020-07-07,Belgium,,,,,,48977.0,2.0,2.0,1.0,1.0
155,2020-07-08,Belgium,,,,,,48978.0,1.0,2.0,1.0,1.0
156,2020-07-09,Belgium,,,,,,48980.0,2.0,2.0,1.0,1.0
157,2020-07-10,Belgium,,,,,,48981.0,1.0,2.0,1.0,1.0
158,2020-07-11,Belgium,,,,,,48982.0,1.0,2.0,1.0,1.0
159,2020-07-12,Belgium,,,,,,48983.0,1.0,1.0,1.0,1.0
160,2020-07-13,Belgium,,,,,,48985.0,2.0,1.0,1.0,1.0
161,2020-07-14,Belgium,,,,,,48986.0,1.0,1.0,1.0,1.0
162,2020-07-15,Belgium,,,,,,48986.0,0.0,1.0,1.0,1.0
163,2020-07-16,Belgium,,,,,,48987.0,1.0,1.0,1.0,1.0
164,2020-07-17,Belgium,,,,,,48988.0,1.0,1.0,1.0,1.0
165,2020-07-18,Belgium,,,,,,48989.0,1.0,1.0,1.0,1.0
166,2020-07-19,Belgium,,,,,,48989.0,0.0,1.0,1.0,1.0
167,2020-07-20,Belgium,,,,,,48990.0,1.0,1.0,1.0,1.0
168,2020-07-21,Belgium,,,,,,48991.0,1.0,1.0,1.0,1.0
169,2020-07-22,Belgium,,,,,,48991.0,0.0,1.0,1.0,1.0
170,2020-07-23,Belgium,,,,,,48992.0,1.0,1.0,1.0,1.0
171,2020-07-24,Belgium,,,,,,48992.0,0.0,1.0,1.0,1.0
172,2020-07-25,Belgium,,,,,,48992.0,0.0,0.0,1.0,1.0
173,2020-07-26,Belgium,,,,,,48993.0,1.0,1.0,1.0,1.0
174,2020-07-27,Belgium,,,,,,48993.0,0.0,0.0,1.0,1.0
175,2020-07-28,Belgium,,,,,,48993.0,0.0,0.0,1.0,1.0
176,2020-07-29,Belgium,,,,,,48994.0,1.0,0.0,1.0,1.0
177,2020-07-30,Belgium,,,,,,48994.0,0.0,0.0,1.0,1.0
178,2020-07-31,Belgium,,,,,,48994.0,0.0,0.0,1.0,1.0
179,2020-08-01,Belgium,,,,,,48995.0,1.0,0.0,1.0,1.0
180,2020-08-02,Belgium,,,,,,48995.0,0.0,0.0,1.0,1.0
181,2020-08-03,Belgium,,,,,,48995.0,0.0,0.0,1.0,1.0
182,2020-08-04,Belgium,,,,,,48995.0,0.0,0.0,1.0,1.0
183,2020-08-05,Belgium,,,,,,48995.0,0.0,0.0,1.0,1.0
184,2020-08-06,Belgium,,,,,,48995.0,0.0,0.0,1.0,1.0
185,2020-08-07,Belgium,,,,,,48996.0,1.0,0.0,1.0,1.0
186,2020-08-08,Belgium,,,,,,48996.0,0.0,0.0,1.0,1.0
187,2020-08-09,Belgium,,,,,,48996.0,0.0,0.0,1.0,1.0
188,2020-08-10,Belgium,,,,,,48996.0,0.0,0.0,1.0,1.0
189,2020-08-11,Belgium,,,,,,48996.0,0.0,0.0,1.0,1.0
190,2020-08-12,Belgium,,,,,,48996.0,0.0,0.0,1.0,1.0
191,2020-08-13,Belgium,,,,,,48996.0,0.0,0.0,1.0,1.0
192,2020-08-14,Belgium,,,,,,48996.0,0.0,0.0,1.0,1.0
193,2020-08-15,Belgium,,,,,,48996.0,0.0,0.0,1.0,1.0
194,2020-08-16,Belgium,,,,,,48996.0,0.0,0.0,1.0,1.0
195,2020-08-17,Belgium,,,,,,48996.0,0.0,0.0,1.0,1.0
196,2020-08-18,Belgium,,,,,,48997.0,1.0,0.0,1.0,1.0
197,2020-08-19,Belgium,,,,,,48997.0,0.0,0.0,1.0,1.0
198,2020-08-20,Belgium,,,,,,48997.0,0.0,0.0,1.0,1.0
199,2020-08-21,Belgium,,,,,,48997.0,0.0,0.0,1.0,1.0
200,2020-08-22,Belgium,,,,,,48997.0,0.0,0.0,1.0,1.0
201,2020-08-23,Belgium,,,,,,48997.0,0.0,0.0,1.0,1.0
202,2020-08-24,Belgium,,,,,,48997.0,0.0,0.0,1.0,1.0
203,2020-08-25,Belgium,,,,,,48997.0,0.0,0.0,1.0,1.0
204,2020-08-26,Belgium,,,,,,48997.0,0.0,0.0,1.0,1.0
205,2020-08-27,Belgium,,,,,,48997.0,0.0,0.0,1.0,1.0
206,2020-08-28,Belgium,,,,,,48997.0,0.0,0.0,1.0,1.0
207,2020-08-29,Belgium,,,,,,48997.0,0.0,0.0,1.0,1.0
208,2020-08-30,Belgium,,,,,,48997.0,0.0,0.0,1.0,1.0
209,2020-08-31,Belgium,,,,,,48997.0,0.0,0.0,1.0,1.0
210,2020-09-01,Belgium,,,,,,48997.0,0.0,0.0,1.0,1.0
211,2020-09-02,Belgium,,,,,,48997.0,0.0,0.0,1.0,1.0
212,2020-09-03,Belgium,,,,,,48997.0,0.0,0.0,1.0,1.0
213,2020-09-04,Belgium,,,,,,48997.0,0.0,0.0,1.0,1.0
214,2020-09-05,Belgium,,,,,,48997.0,0.0,0.0,1.0,1.0
215,2020-09-06,Belgium,,,,,,48997.0,0.0,0.0,1.0,1.0
216,2020-09-07,Belgium,,,,,,48997.0,0.0,0.0,1.0,1.0
