,date,country,confirmed,new_confirmed,new_conf_avg_7,growth,growth_avg_7,predict,new_predict,new_pred_avg_7,p_growth,p_gr_avg_7
0,2020-02-04,Belgium,1.0,1.0,,0.0,1.0,,,,,
1,2020-02-05,Belgium,1.0,0.0,,1.0,1.0,,,,,
2,2020-02-06,Belgium,1.0,0.0,,1.0,1.0,,,,,
3,2020-02-07,Belgium,1.0,0.0,,1.0,1.0,,,,,
4,2020-02-08,Belgium,1.0,0.0,,1.0,1.0,,,,,
5,2020-02-09,Belgium,1.0,0.0,,1.0,1.0,,,,,
6,2020-02-10,Belgium,1.0,0.0,0.0,1.0,1.0,,,,,
7,2020-02-11,Belgium,1.0,0.0,0.0,1.0,1.0,,,0.0,,
8,2020-02-12,Belgium,1.0,0.0,0.0,1.0,1.0,,,0.0,,
9,2020-02-13,Belgium,1.0,0.0,0.0,1.0,1.0,,,0.0,,
10,2020-02-14,Belgium,1.0,0.0,0.0,1.0,1.0,,,0.0,,
11,2020-02-15,Belgium,1.0,0.0,0.0,1.0,1.0,,,0.0,,
12,2020-02-16,Belgium,1.0,0.0,0.0,1.0,1.0,,,0.0,,
13,2020-02-17,Belgium,1.0,0.0,0.0,1.0,1.0,,,0.0,,
14,2020-02-18,Belgium,1.0,0.0,0.0,1.0,1.0,,,0.0,,
15,2020-02-19,Belgium,1.0,0.0,0.0,1.0,1.0,,,0.0,,
16,2020-02-20,Belgium,1.0,0.0,0.0,1.0,1.0,,,0.0,,
17,2020-02-21,Belgium,1.0,0.0,0.0,1.0,1.0,,,0.0,,
18,2020-02-22,Belgium,1.0,0.0,0.0,1.0,1.0,,,0.0,,
19,2020-02-23,Belgium,1.0,0.0,0.0,1.0,1.0,,,0.0,,
20,2020-02-24,Belgium,1.0,0.0,0.0,1.0,1.0,,,0.0,,
21,2020-02-25,Belgium,1.0,0.0,0.0,1.0,1.0,,,0.0,,
22,2020-02-26,Belgium,1.0,0.0,0.0,1.0,1.0,,,0.0,,
23,2020-02-27,Belgium,1.0,0.0,0.0,1.0,1.0,,,0.0,,
24,2020-02-28,Belgium,1.0,0.0,0.0,1.0,1.0,,,0.0,,
25,2020-02-29,Belgium,1.0,0.0,0.0,1.0,1.0,,,0.0,,
26,2020-03-01,Belgium,2.0,1.0,0.0,2.0,1.143,,,0.0,,
27,2020-03-02,Belgium,8.0,6.0,1.0,4.0,1.571,182.0,,1.0,,
28,2020-03-03,Belgium,13.0,5.0,2.0,1.625,1.661,183.0,1.0,2.0,1.005,
29,2020-03-04,Belgium,23.0,10.0,3.0,1.7690000000000001,1.771,186.0,3.0,3.0,1.016,
30,2020-03-05,Belgium,50.0,27.0,7.0,2.174,1.9380000000000002,190.0,4.0,7.0,1.022,
31,2020-03-06,Belgium,109.0,59.0,15.0,2.18,2.1069999999999998,198.0,8.0,15.0,1.042,
32,2020-03-07,Belgium,169.0,60.0,24.0,1.55,2.185,208.0,10.0,24.0,1.051,
33,2020-03-08,Belgium,200.0,31.0,28.0,1.183,2.069,225.0,17.0,28.0,1.082,
34,2020-03-09,Belgium,239.0,39.0,33.0,1.195,1.6680000000000001,250.0,25.0,33.0,1.111,1.047
35,2020-03-10,Belgium,267.0,28.0,36.0,1.117,1.595,285.0,35.0,36.0,1.14,1.066
36,2020-03-11,Belgium,314.0,47.0,42.0,1.176,1.511,336.0,51.0,42.0,1.179,1.09
37,2020-03-12,Belgium,436.0,122.0,55.0,1.389,1.399,406.0,70.0,55.0,1.208,1.116
38,2020-03-13,Belgium,559.0,123.0,64.0,1.2819999999999998,1.27,501.0,95.0,64.0,1.234,1.144
39,2020-03-14,Belgium,689.0,130.0,74.0,1.2329999999999999,1.225,628.0,127.0,74.0,1.253,1.172
40,2020-03-15,Belgium,886.0,197.0,98.0,1.286,1.24,795.0,167.0,98.0,1.266,1.199
41,2020-03-16,Belgium,1058.0,172.0,117.0,1.194,1.24,1007.0,212.0,117.0,1.267,1.221
42,2020-03-17,Belgium,1243.0,185.0,139.0,1.175,1.248,1275.0,268.0,139.0,1.266,1.239
43,2020-03-18,Belgium,1486.0,243.0,167.0,1.195,1.251,1605.0,330.0,167.0,1.259,1.25
44,2020-03-19,Belgium,1795.0,309.0,194.0,1.208,1.225,2007.0,402.0,194.0,1.25,1.256
45,2020-03-20,Belgium,2257.0,462.0,243.0,1.2570000000000001,1.2209999999999999,2487.0,480.0,243.0,1.239,1.257
46,2020-03-21,Belgium,2815.0,558.0,304.0,1.247,1.2229999999999999,3051.0,564.0,304.0,1.227,1.253
47,2020-03-22,Belgium,3401.0,586.0,359.0,1.208,1.212,3706.0,655.0,359.0,1.215,1.246
48,2020-03-23,Belgium,3743.0,342.0,384.0,1.101,1.199,4453.0,747.0,384.0,1.202,1.237
49,2020-03-24,Belgium,4269.0,526.0,432.0,1.141,1.194,5295.0,842.0,432.0,1.189,1.226
50,2020-03-25,Belgium,4937.0,668.0,493.0,1.156,1.188,6232.0,937.0,493.0,1.177,1.214
51,2020-03-26,Belgium,6235.0,1298.0,634.0,1.263,1.196,7261.0,1029.0,634.0,1.165,1.202
52,2020-03-27,Belgium,7284.0,1049.0,718.0,1.168,1.183,8380.0,1119.0,718.0,1.154,1.19
53,2020-03-28,Belgium,9134.0,1850.0,903.0,1.254,1.1840000000000002,9582.0,1202.0,903.0,1.143,1.178
54,2020-03-29,Belgium,10836.0,1702.0,1062.0,1.186,1.181,10861.0,1279.0,1062.0,1.133,1.166
55,2020-03-30,Belgium,11899.0,1063.0,1165.0,1.0979999999999999,1.181,12208.0,1347.0,1165.0,1.124,1.155
56,2020-03-31,Belgium,12775.0,876.0,1215.0,1.074,1.171,13615.0,1407.0,1215.0,1.115,1.144
57,2020-04-01,Belgium,13964.0,1189.0,1290.0,1.093,1.162,15071.0,1456.0,1290.0,1.107,1.134
58,2020-04-02,Belgium,15348.0,1384.0,1302.0,1.099,1.139,16566.0,1495.0,1302.0,1.099,1.125
59,2020-04-03,Belgium,16770.0,1422.0,1355.0,1.093,1.128,18090.0,1524.0,1355.0,1.092,1.116
60,2020-04-04,Belgium,18431.0,1661.0,1328.0,1.099,1.1059999999999999,19632.0,1542.0,1328.0,1.085,1.108
61,2020-04-05,Belgium,19691.0,1260.0,1265.0,1.068,1.089,21183.0,1551.0,1265.0,1.079,1.1
62,2020-04-06,Belgium,20814.0,1123.0,1274.0,1.057,1.083,22732.0,1549.0,1274.0,1.073,1.093
63,2020-04-07,Belgium,22194.0,1380.0,1346.0,1.0659999999999998,1.082,24272.0,1540.0,1346.0,1.068,1.086
64,2020-04-08,Belgium,23403.0,1209.0,1348.0,1.054,1.077,25794.0,1522.0,1348.0,1.063,1.08
65,2020-04-09,Belgium,24983.0,1580.0,1376.0,1.068,1.072,27291.0,1497.0,1376.0,1.058,1.074
66,2020-04-10,Belgium,26667.0,1684.0,1414.0,1.067,1.068,28756.0,1465.0,1414.0,1.054,1.069
67,2020-04-11,Belgium,28018.0,1351.0,1370.0,1.051,1.062,30185.0,1429.0,1370.0,1.05,1.064
68,2020-04-12,Belgium,29647.0,1629.0,1422.0,1.058,1.06,31571.0,1386.0,1422.0,1.046,1.059
69,2020-04-13,Belgium,30589.0,942.0,1396.0,1.032,1.057,32913.0,1342.0,1396.0,1.043,1.055
70,2020-04-14,Belgium,31119.0,530.0,1275.0,1.0170000000000001,1.05,34206.0,1293.0,1275.0,1.039,1.05
71,2020-04-15,Belgium,33573.0,2454.0,1453.0,1.079,1.053,35448.0,1242.0,1453.0,1.036,1.047
72,2020-04-16,Belgium,34809.0,1236.0,1404.0,1.037,1.0490000000000002,36638.0,1190.0,1404.0,1.034,1.043
73,2020-04-17,Belgium,36138.0,1329.0,1353.0,1.038,1.045,37775.0,1137.0,1353.0,1.031,1.04
74,2020-04-18,Belgium,37183.0,1045.0,1309.0,1.0290000000000001,1.041,38858.0,1083.0,1309.0,1.029,1.037
75,2020-04-19,Belgium,38496.0,1313.0,1264.0,1.035,1.038,39887.0,1029.0,1264.0,1.026,1.034
76,2020-04-20,Belgium,39983.0,1487.0,1342.0,1.0390000000000001,1.0390000000000001,40864.0,977.0,1342.0,1.024,1.031
77,2020-04-21,Belgium,40956.0,973.0,1405.0,1.024,1.04,41789.0,925.0,1405.0,1.023,1.029
78,2020-04-22,Belgium,41889.0,933.0,1188.0,1.023,1.032,42662.0,873.0,1188.0,1.021,1.027
79,2020-04-23,Belgium,42797.0,908.0,1141.0,1.022,1.03,43486.0,824.0,1141.0,1.019,1.025
80,2020-04-24,Belgium,44293.0,1496.0,1165.0,1.035,1.03,44262.0,776.0,1165.0,1.018,1.023
81,2020-04-25,Belgium,45325.0,1032.0,1163.0,1.023,1.0290000000000001,44991.0,729.0,1163.0,1.016,1.021
82,2020-04-26,Belgium,46134.0,809.0,1091.0,1.018,1.026,45676.0,685.0,1091.0,1.015,1.019
83,2020-04-27,Belgium,46687.0,553.0,958.0,1.012,1.022,46318.0,642.0,958.0,1.014,1.018
84,2020-04-28,Belgium,47334.0,647.0,911.0,1.014,1.021,46919.0,601.0,911.0,1.013,1.017
85,2020-04-29,Belgium,47859.0,525.0,853.0,1.011,1.0190000000000001,47482.0,563.0,853.0,1.012,1.015
86,2020-04-30,Belgium,48519.0,660.0,817.0,1.014,1.018,48008.0,526.0,817.0,1.011,1.014
87,2020-05-01,Belgium,49032.0,513.0,677.0,1.011,1.015,48499.0,491.0,677.0,1.01,1.013
88,2020-05-02,Belgium,49517.0,485.0,599.0,1.01,1.013,48957.0,458.0,599.0,1.009,1.012
89,2020-05-03,Belgium,,,,,,49384.0,427.0,464.0,1.009,1.011
90,2020-05-04,Belgium,,,,,,49781.0,397.0,442.0,1.008,1.01
91,2020-05-05,Belgium,,,,,,50151.0,370.0,402.0,1.007,1.009
92,2020-05-06,Belgium,,,,,,50496.0,345.0,377.0,1.007,1.009
93,2020-05-07,Belgium,,,,,,50816.0,320.0,328.0,1.006,1.008
94,2020-05-08,Belgium,,,,,,51113.0,297.0,297.0,1.006,1.007
95,2020-05-09,Belgium,,,,,,51390.0,277.0,268.0,1.005,1.007
96,2020-05-10,Belgium,,,,,,51646.0,256.0,323.0,1.005,1.006
97,2020-05-11,Belgium,,,,,,51884.0,238.0,300.0,1.005,1.006
98,2020-05-12,Belgium,,,,,,52105.0,221.0,279.0,1.004,1.005
99,2020-05-13,Belgium,,,,,,52309.0,204.0,259.0,1.004,1.005
100,2020-05-14,Belgium,,,,,,52499.0,190.0,240.0,1.004,1.005
101,2020-05-15,Belgium,,,,,,52675.0,176.0,223.0,1.003,1.004
102,2020-05-16,Belgium,,,,,,52838.0,163.0,207.0,1.003,1.004
103,2020-05-17,Belgium,,,,,,52988.0,150.0,192.0,1.003,1.004
104,2020-05-18,Belgium,,,,,,53128.0,140.0,178.0,1.003,1.003
105,2020-05-19,Belgium,,,,,,53257.0,129.0,165.0,1.002,1.003
106,2020-05-20,Belgium,,,,,,53377.0,120.0,153.0,1.002,1.003
107,2020-05-21,Belgium,,,,,,53487.0,110.0,141.0,1.002,1.003
108,2020-05-22,Belgium,,,,,,53590.0,103.0,131.0,1.002,1.002
109,2020-05-23,Belgium,,,,,,53684.0,94.0,121.0,1.002,1.002
110,2020-05-24,Belgium,,,,,,53772.0,88.0,112.0,1.002,1.002
111,2020-05-25,Belgium,,,,,,53853.0,81.0,104.0,1.002,1.002
112,2020-05-26,Belgium,,,,,,53928.0,75.0,96.0,1.001,1.002
113,2020-05-27,Belgium,,,,,,53997.0,69.0,89.0,1.001,1.002
114,2020-05-28,Belgium,,,,,,54061.0,64.0,82.0,1.001,1.002
115,2020-05-29,Belgium,,,,,,54120.0,59.0,76.0,1.001,1.001
116,2020-05-30,Belgium,,,,,,54175.0,55.0,70.0,1.001,1.001
117,2020-05-31,Belgium,,,,,,54225.0,50.0,65.0,1.001,1.001
118,2020-06-01,Belgium,,,,,,54272.0,47.0,60.0,1.001,1.001
119,2020-06-02,Belgium,,,,,,54315.0,43.0,55.0,1.001,1.001
120,2020-06-03,Belgium,,,,,,54355.0,40.0,51.0,1.001,1.001
121,2020-06-04,Belgium,,,,,,54391.0,36.0,47.0,1.001,1.001
122,2020-06-05,Belgium,,,,,,54425.0,34.0,44.0,1.001,1.001
123,2020-06-06,Belgium,,,,,,54457.0,32.0,40.0,1.001,1.001
124,2020-06-07,Belgium,,,,,,54486.0,29.0,37.0,1.001,1.001
125,2020-06-08,Belgium,,,,,,54512.0,26.0,34.0,1.0,1.001
126,2020-06-09,Belgium,,,,,,54537.0,25.0,32.0,1.0,1.001
127,2020-06-10,Belgium,,,,,,54560.0,23.0,29.0,1.0,1.001
128,2020-06-11,Belgium,,,,,,54581.0,21.0,27.0,1.0,1.0
129,2020-06-12,Belgium,,,,,,54601.0,20.0,25.0,1.0,1.0
130,2020-06-13,Belgium,,,,,,54619.0,18.0,23.0,1.0,1.0
131,2020-06-14,Belgium,,,,,,54635.0,16.0,21.0,1.0,1.0
132,2020-06-15,Belgium,,,,,,54651.0,16.0,20.0,1.0,1.0
133,2020-06-16,Belgium,,,,,,54665.0,14.0,18.0,1.0,1.0
134,2020-06-17,Belgium,,,,,,54678.0,13.0,17.0,1.0,1.0
135,2020-06-18,Belgium,,,,,,54690.0,12.0,16.0,1.0,1.0
136,2020-06-19,Belgium,,,,,,54701.0,11.0,14.0,1.0,1.0
137,2020-06-20,Belgium,,,,,,54711.0,10.0,13.0,1.0,1.0
138,2020-06-21,Belgium,,,,,,54721.0,10.0,12.0,1.0,1.0
139,2020-06-22,Belgium,,,,,,54730.0,9.0,11.0,1.0,1.0
140,2020-06-23,Belgium,,,,,,54738.0,8.0,10.0,1.0,1.0
141,2020-06-24,Belgium,,,,,,54745.0,7.0,10.0,1.0,1.0
142,2020-06-25,Belgium,,,,,,54752.0,7.0,9.0,1.0,1.0
143,2020-06-26,Belgium,,,,,,54758.0,6.0,8.0,1.0,1.0
144,2020-06-27,Belgium,,,,,,54764.0,6.0,8.0,1.0,1.0
145,2020-06-28,Belgium,,,,,,54770.0,6.0,7.0,1.0,1.0
146,2020-06-29,Belgium,,,,,,54775.0,5.0,6.0,1.0,1.0
147,2020-06-30,Belgium,,,,,,54779.0,4.0,6.0,1.0,1.0
148,2020-07-01,Belgium,,,,,,54784.0,5.0,6.0,1.0,1.0
149,2020-07-02,Belgium,,,,,,54788.0,4.0,5.0,1.0,1.0
150,2020-07-03,Belgium,,,,,,54791.0,3.0,5.0,1.0,1.0
151,2020-07-04,Belgium,,,,,,54795.0,4.0,4.0,1.0,1.0
152,2020-07-05,Belgium,,,,,,54798.0,3.0,4.0,1.0,1.0
153,2020-07-06,Belgium,,,,,,54801.0,3.0,4.0,1.0,1.0
154,2020-07-07,Belgium,,,,,,54803.0,2.0,3.0,1.0,1.0
155,2020-07-08,Belgium,,,,,,54806.0,3.0,3.0,1.0,1.0
156,2020-07-09,Belgium,,,,,,54808.0,2.0,3.0,1.0,1.0
157,2020-07-10,Belgium,,,,,,54810.0,2.0,3.0,1.0,1.0
158,2020-07-11,Belgium,,,,,,54812.0,2.0,2.0,1.0,1.0
159,2020-07-12,Belgium,,,,,,54814.0,2.0,2.0,1.0,1.0
160,2020-07-13,Belgium,,,,,,54815.0,1.0,2.0,1.0,1.0
161,2020-07-14,Belgium,,,,,,54817.0,2.0,2.0,1.0,1.0
162,2020-07-15,Belgium,,,,,,54818.0,1.0,2.0,1.0,1.0
163,2020-07-16,Belgium,,,,,,54820.0,2.0,2.0,1.0,1.0
164,2020-07-17,Belgium,,,,,,54821.0,1.0,2.0,1.0,1.0
165,2020-07-18,Belgium,,,,,,54822.0,1.0,1.0,1.0,1.0
166,2020-07-19,Belgium,,,,,,54823.0,1.0,1.0,1.0,1.0
167,2020-07-20,Belgium,,,,,,54824.0,1.0,1.0,1.0,1.0
168,2020-07-21,Belgium,,,,,,54825.0,1.0,1.0,1.0,1.0
169,2020-07-22,Belgium,,,,,,54825.0,0.0,1.0,1.0,1.0
170,2020-07-23,Belgium,,,,,,54826.0,1.0,1.0,1.0,1.0
171,2020-07-24,Belgium,,,,,,54827.0,1.0,1.0,1.0,1.0
172,2020-07-25,Belgium,,,,,,54828.0,1.0,1.0,1.0,1.0
173,2020-07-26,Belgium,,,,,,54828.0,0.0,1.0,1.0,1.0
174,2020-07-27,Belgium,,,,,,54829.0,1.0,1.0,1.0,1.0
175,2020-07-28,Belgium,,,,,,54829.0,0.0,1.0,1.0,1.0
176,2020-07-29,Belgium,,,,,,54830.0,1.0,1.0,1.0,1.0
177,2020-07-30,Belgium,,,,,,54830.0,0.0,1.0,1.0,1.0
178,2020-07-31,Belgium,,,,,,54830.0,0.0,0.0,1.0,1.0
179,2020-08-01,Belgium,,,,,,54831.0,1.0,0.0,1.0,1.0
180,2020-08-02,Belgium,,,,,,54831.0,0.0,0.0,1.0,1.0
181,2020-08-03,Belgium,,,,,,54831.0,0.0,0.0,1.0,1.0
182,2020-08-04,Belgium,,,,,,54832.0,1.0,0.0,1.0,1.0
183,2020-08-05,Belgium,,,,,,54832.0,0.0,0.0,1.0,1.0
184,2020-08-06,Belgium,,,,,,54832.0,0.0,0.0,1.0,1.0
185,2020-08-07,Belgium,,,,,,54832.0,0.0,0.0,1.0,1.0
186,2020-08-08,Belgium,,,,,,54833.0,1.0,0.0,1.0,1.0
187,2020-08-09,Belgium,,,,,,54833.0,0.0,0.0,1.0,1.0
188,2020-08-10,Belgium,,,,,,54833.0,0.0,0.0,1.0,1.0
189,2020-08-11,Belgium,,,,,,54833.0,0.0,0.0,1.0,1.0
190,2020-08-12,Belgium,,,,,,54833.0,0.0,0.0,1.0,1.0
191,2020-08-13,Belgium,,,,,,54833.0,0.0,0.0,1.0,1.0
192,2020-08-14,Belgium,,,,,,54834.0,1.0,0.0,1.0,1.0
193,2020-08-15,Belgium,,,,,,54834.0,0.0,0.0,1.0,1.0
194,2020-08-16,Belgium,,,,,,54834.0,0.0,0.0,1.0,1.0
195,2020-08-17,Belgium,,,,,,54834.0,0.0,0.0,1.0,1.0
196,2020-08-18,Belgium,,,,,,54834.0,0.0,0.0,1.0,1.0
197,2020-08-19,Belgium,,,,,,54834.0,0.0,0.0,1.0,1.0
198,2020-08-20,Belgium,,,,,,54834.0,0.0,0.0,1.0,1.0
199,2020-08-21,Belgium,,,,,,54834.0,0.0,0.0,1.0,1.0
200,2020-08-22,Belgium,,,,,,54834.0,0.0,0.0,1.0,1.0
201,2020-08-23,Belgium,,,,,,54834.0,0.0,0.0,1.0,1.0
202,2020-08-24,Belgium,,,,,,54834.0,0.0,0.0,1.0,1.0
203,2020-08-25,Belgium,,,,,,54834.0,0.0,0.0,1.0,1.0
204,2020-08-26,Belgium,,,,,,54834.0,0.0,0.0,1.0,1.0
205,2020-08-27,Belgium,,,,,,54835.0,1.0,0.0,1.0,1.0
206,2020-08-28,Belgium,,,,,,54835.0,0.0,0.0,1.0,1.0
207,2020-08-29,Belgium,,,,,,54835.0,0.0,0.0,1.0,1.0
208,2020-08-30,Belgium,,,,,,54835.0,0.0,0.0,1.0,1.0
209,2020-08-31,Belgium,,,,,,54835.0,0.0,0.0,1.0,1.0
210,2020-09-01,Belgium,,,,,,54835.0,0.0,0.0,1.0,1.0
211,2020-09-02,Belgium,,,,,,54835.0,0.0,0.0,1.0,1.0
212,2020-09-03,Belgium,,,,,,54835.0,0.0,0.0,1.0,1.0
213,2020-09-04,Belgium,,,,,,54835.0,0.0,0.0,1.0,1.0
214,2020-09-05,Belgium,,,,,,54835.0,0.0,0.0,1.0,1.0
215,2020-09-06,Belgium,,,,,,54835.0,0.0,0.0,1.0,1.0
216,2020-09-07,Belgium,,,,,,54835.0,0.0,0.0,1.0,1.0
217,2020-09-08,Belgium,,,,,,54835.0,0.0,0.0,1.0,1.0
218,2020-09-09,Belgium,,,,,,54835.0,0.0,0.0,1.0,1.0
219,2020-09-10,Belgium,,,,,,54835.0,0.0,0.0,1.0,1.0
220,2020-09-11,Belgium,,,,,,54835.0,0.0,0.0,1.0,1.0
221,2020-09-12,Belgium,,,,,,54835.0,0.0,0.0,1.0,1.0
222,2020-09-13,Belgium,,,,,,54835.0,0.0,0.0,1.0,1.0
223,2020-09-14,Belgium,,,,,,54835.0,0.0,0.0,1.0,1.0
224,2020-09-15,Belgium,,,,,,54835.0,0.0,0.0,1.0,1.0
225,2020-09-16,Belgium,,,,,,54835.0,0.0,0.0,1.0,1.0
226,2020-09-17,Belgium,,,,,,54835.0,0.0,0.0,1.0,1.0
227,2020-09-18,Belgium,,,,,,54835.0,0.0,0.0,1.0,1.0
228,2020-09-19,Belgium,,,,,,54835.0,0.0,0.0,1.0,1.0
229,2020-09-20,Belgium,,,,,,54835.0,0.0,0.0,1.0,1.0
230,2020-09-21,Belgium,,,,,,54835.0,0.0,0.0,1.0,1.0
231,2020-09-22,Belgium,,,,,,54835.0,0.0,0.0,1.0,1.0
232,2020-09-23,Belgium,,,,,,54835.0,0.0,0.0,1.0,1.0
233,2020-09-24,Belgium,,,,,,54835.0,0.0,0.0,1.0,1.0
234,2020-09-25,Belgium,,,,,,54835.0,0.0,0.0,1.0,1.0
235,2020-09-26,Belgium,,,,,,54835.0,0.0,0.0,1.0,1.0
236,2020-09-27,Belgium,,,,,,54835.0,0.0,0.0,1.0,1.0
237,2020-09-28,Belgium,,,,,,54835.0,0.0,0.0,1.0,1.0
238,2020-09-29,Belgium,,,,,,54835.0,0.0,0.0,1.0,1.0
239,2020-09-30,Belgium,,,,,,54835.0,0.0,0.0,1.0,1.0
240,2020-10-01,Belgium,,,,,,54835.0,0.0,0.0,1.0,1.0
241,2020-10-02,Belgium,,,,,,54835.0,0.0,0.0,1.0,1.0
242,2020-10-03,Belgium,,,,,,54835.0,0.0,0.0,1.0,1.0
243,2020-10-04,Belgium,,,,,,54835.0,0.0,0.0,1.0,1.0
244,2020-10-05,Belgium,,,,,,54835.0,0.0,0.0,1.0,1.0
245,2020-10-06,Belgium,,,,,,54835.0,0.0,0.0,1.0,1.0
246,2020-10-07,Belgium,,,,,,54835.0,0.0,0.0,1.0,1.0
