,date,country,confirmed,new_confirmed,new_conf_avg_7,growth,growth_avg_7,predict,new_predict,new_pred_avg_7,p_growth,p_gr_avg_7
0,2020-02-25,Switzerland,1.0,1.0,,0.0,1.0,80,,,1.0,
1,2020-02-26,Switzerland,4.0,3.0,,4.0,1.324,80,0.0,,1.0,
2,2020-02-27,Switzerland,8.0,4.0,,2.0,1.464,80,0.0,,1.0,
3,2020-02-28,Switzerland,13.0,5.0,,1.625,1.537,81,1.0,,1.012,
4,2020-02-29,Switzerland,18.0,5.0,,1.385,1.5830000000000002,81,0.0,,1.0,
5,2020-03-01,Switzerland,27.0,9.0,,1.5,1.649,82,1.0,,1.012,
6,2020-03-02,Switzerland,42.0,15.0,6.0,1.556,1.724,84,2.0,,1.024,1.007
7,2020-03-03,Switzerland,56.0,14.0,8.0,1.3330000000000002,1.9140000000000001,86,2.0,8.0,1.024,1.01
8,2020-03-04,Switzerland,90.0,34.0,12.0,1.607,1.5719999999999998,91,5.0,12.0,1.058,1.019
9,2020-03-05,Switzerland,114.0,24.0,15.0,1.2670000000000001,1.4680000000000002,100,9.0,15.0,1.099,1.033
10,2020-03-06,Switzerland,214.0,100.0,29.0,1.8769999999999998,1.504,114,14.0,29.0,1.14,1.051
11,2020-03-07,Switzerland,268.0,54.0,36.0,1.252,1.485,136,22.0,36.0,1.193,1.079
12,2020-03-08,Switzerland,337.0,69.0,44.0,1.2570000000000001,1.45,171,35.0,44.0,1.257,1.114
13,2020-03-09,Switzerland,414.0,77.0,53.0,1.228,1.403,224,53.0,53.0,1.31,1.154
14,2020-03-10,Switzerland,491.0,77.0,62.0,1.186,1.382,301,77.0,62.0,1.344,1.2
15,2020-03-11,Switzerland,652.0,161.0,80.0,1.328,1.3419999999999999,412,111.0,80.0,1.369,1.245
16,2020-03-12,Switzerland,895.0,243.0,112.0,1.3730000000000002,1.357,567,155.0,112.0,1.376,1.284
17,2020-03-13,Switzerland,1139.0,244.0,132.0,1.273,1.271,775,208.0,132.0,1.367,1.317
18,2020-03-14,Switzerland,1359.0,220.0,156.0,1.193,1.263,1049,274.0,156.0,1.354,1.34
19,2020-03-15,Switzerland,2200.0,841.0,266.0,1.619,1.314,1399,350.0,266.0,1.334,1.351
20,2020-03-16,Switzerland,2450.0,250.0,291.0,1.114,1.298,1834,435.0,291.0,1.311,1.351
21,2020-03-17,Switzerland,2700.0,250.0,316.0,1.102,1.286,2360,526.0,316.0,1.287,1.343
22,2020-03-18,Switzerland,3028.0,328.0,339.0,1.121,1.256,2983,623.0,339.0,1.264,1.328
23,2020-03-19,Switzerland,4075.0,1047.0,454.0,1.3459999999999999,1.253,3701,718.0,454.0,1.241,1.308
24,2020-03-20,Switzerland,5294.0,1219.0,594.0,1.2990000000000002,1.256,4511,810.0,594.0,1.219,1.287
25,2020-03-21,Switzerland,6575.0,1281.0,745.0,1.242,1.263,5405,894.0,745.0,1.198,1.265
26,2020-03-22,Switzerland,7685.0,1110.0,784.0,1.169,1.199,6374,969.0,784.0,1.179,1.243
27,2020-03-23,Switzerland,8795.0,1110.0,906.0,1.1440000000000001,1.203,7403,1029.0,906.0,1.161,1.221
28,2020-03-24,Switzerland,9877.0,1082.0,1025.0,1.123,1.206,8478,1075.0,1025.0,1.145,1.201
29,2020-03-25,Switzerland,10844.0,967.0,1117.0,1.0979999999999999,1.203,9583,1105.0,1117.0,1.13,1.182
30,2020-03-26,Switzerland,11912.0,1068.0,1120.0,1.0979999999999999,1.168,10703,1120.0,1120.0,1.117,1.164
31,2020-03-27,Switzerland,12943.0,1031.0,1093.0,1.087,1.137,11823,1120.0,1093.0,1.105,1.148
32,2020-03-28,Switzerland,13878.0,935.0,1043.0,1.072,1.113,12929,1106.0,1043.0,1.094,1.133
33,2020-03-29,Switzerland,14999.0,1121.0,1045.0,1.081,1.1,14009,1080.0,1045.0,1.084,1.119
34,2020-03-30,Switzerland,15717.0,718.0,989.0,1.048,1.087,15053,1044.0,989.0,1.075,1.107
35,2020-03-31,Switzerland,16845.0,1128.0,995.0,1.072,1.079,16053,1000.0,995.0,1.066,1.096
36,2020-04-01,Switzerland,17716.0,871.0,982.0,1.052,1.073,17003,950.0,982.0,1.059,1.086
37,2020-04-02,Switzerland,18687.0,971.0,968.0,1.055,1.067,17899,896.0,968.0,1.053,1.077
38,2020-04-03,Switzerland,19666.0,979.0,960.0,1.052,1.062,18738,839.0,960.0,1.047,1.068
39,2020-04-04,Switzerland,20505.0,839.0,947.0,1.043,1.058,19519,781.0,947.0,1.042,1.061
40,2020-04-05,Switzerland,,,,,,20243,724.0,749.0,1.037,1.054
41,2020-04-06,Switzerland,,,,,,20909,666.0,742.0,1.033,1.048
42,2020-04-07,Switzerland,,,,,,21521,612.0,668.0,1.029,1.043
43,2020-04-08,Switzerland,,,,,,22079,558.0,623.0,1.026,1.038
44,2020-04-09,Switzerland,,,,,,22588,509.0,557.0,1.023,1.034
45,2020-04-10,Switzerland,,,,,,23051,463.0,484.0,1.02,1.03
46,2020-04-11,Switzerland,,,,,,23469,418.0,423.0,1.018,1.027
47,2020-04-12,Switzerland,,,,,,23847,378.0,515.0,1.016,1.024
48,2020-04-13,Switzerland,,,,,,24187,340.0,468.0,1.014,1.021
49,2020-04-14,Switzerland,,,,,,24494,307.0,425.0,1.013,1.019
50,2020-04-15,Switzerland,,,,,,24769,275.0,384.0,1.011,1.016
51,2020-04-16,Switzerland,,,,,,25015,246.0,347.0,1.01,1.015
52,2020-04-17,Switzerland,,,,,,25236,221.0,312.0,1.009,1.013
53,2020-04-18,Switzerland,,,,,,25434,198.0,281.0,1.008,1.012
54,2020-04-19,Switzerland,,,,,,25610,176.0,252.0,1.007,1.01
55,2020-04-20,Switzerland,,,,,,25767,157.0,226.0,1.006,1.009
56,2020-04-21,Switzerland,,,,,,25908,141.0,202.0,1.005,1.008
57,2020-04-22,Switzerland,,,,,,26033,125.0,181.0,1.005,1.007
58,2020-04-23,Switzerland,,,,,,26144,111.0,161.0,1.004,1.006
59,2020-04-24,Switzerland,,,,,,26243,99.0,144.0,1.004,1.006
60,2020-04-25,Switzerland,,,,,,26331,88.0,128.0,1.003,1.005
61,2020-04-26,Switzerland,,,,,,26409,78.0,114.0,1.003,1.004
62,2020-04-27,Switzerland,,,,,,26479,70.0,102.0,1.003,1.004
63,2020-04-28,Switzerland,,,,,,26541,62.0,90.0,1.002,1.003
64,2020-04-29,Switzerland,,,,,,26596,55.0,80.0,1.002,1.003
65,2020-04-30,Switzerland,,,,,,26644,48.0,71.0,1.002,1.003
66,2020-05-01,Switzerland,,,,,,26688,44.0,64.0,1.002,1.002
67,2020-05-02,Switzerland,,,,,,26726,38.0,56.0,1.001,1.002
68,2020-05-03,Switzerland,,,,,,26760,34.0,50.0,1.001,1.002
69,2020-05-04,Switzerland,,,,,,26790,30.0,44.0,1.001,1.002
70,2020-05-05,Switzerland,,,,,,26817,27.0,39.0,1.001,1.001
71,2020-05-06,Switzerland,,,,,,26841,24.0,35.0,1.001,1.001
72,2020-05-07,Switzerland,,,,,,26862,21.0,31.0,1.001,1.001
73,2020-05-08,Switzerland,,,,,,26880,18.0,27.0,1.001,1.001
74,2020-05-09,Switzerland,,,,,,26897,17.0,24.0,1.001,1.001
75,2020-05-10,Switzerland,,,,,,26912,15.0,22.0,1.001,1.001
76,2020-05-11,Switzerland,,,,,,26925,13.0,19.0,1.0,1.001
77,2020-05-12,Switzerland,,,,,,26936,11.0,17.0,1.0,1.001
78,2020-05-13,Switzerland,,,,,,26946,10.0,15.0,1.0,1.001
79,2020-05-14,Switzerland,,,,,,26955,9.0,13.0,1.0,1.0
80,2020-05-15,Switzerland,,,,,,26963,8.0,12.0,1.0,1.0
81,2020-05-16,Switzerland,,,,,,26970,7.0,10.0,1.0,1.0
82,2020-05-17,Switzerland,,,,,,26977,7.0,9.0,1.0,1.0
83,2020-05-18,Switzerland,,,,,,26982,5.0,8.0,1.0,1.0
84,2020-05-19,Switzerland,,,,,,26987,5.0,7.0,1.0,1.0
85,2020-05-20,Switzerland,,,,,,26992,5.0,7.0,1.0,1.0
86,2020-05-21,Switzerland,,,,,,26995,3.0,6.0,1.0,1.0
87,2020-05-22,Switzerland,,,,,,26999,4.0,5.0,1.0,1.0
88,2020-05-23,Switzerland,,,,,,27002,3.0,5.0,1.0,1.0
89,2020-05-24,Switzerland,,,,,,27005,3.0,4.0,1.0,1.0
90,2020-05-25,Switzerland,,,,,,27007,2.0,4.0,1.0,1.0
91,2020-05-26,Switzerland,,,,,,27009,2.0,3.0,1.0,1.0
92,2020-05-27,Switzerland,,,,,,27011,2.0,3.0,1.0,1.0
93,2020-05-28,Switzerland,,,,,,27013,2.0,3.0,1.0,1.0
94,2020-05-29,Switzerland,,,,,,27014,1.0,2.0,1.0,1.0
95,2020-05-30,Switzerland,,,,,,27015,1.0,2.0,1.0,1.0
96,2020-05-31,Switzerland,,,,,,27017,2.0,2.0,1.0,1.0
97,2020-06-01,Switzerland,,,,,,27018,1.0,2.0,1.0,1.0
98,2020-06-02,Switzerland,,,,,,27019,1.0,1.0,1.0,1.0
99,2020-06-03,Switzerland,,,,,,27019,0.0,1.0,1.0,1.0
100,2020-06-04,Switzerland,,,,,,27020,1.0,1.0,1.0,1.0
101,2020-06-05,Switzerland,,,,,,27021,1.0,1.0,1.0,1.0
102,2020-06-06,Switzerland,,,,,,27021,0.0,1.0,1.0,1.0
103,2020-06-07,Switzerland,,,,,,27022,1.0,1.0,1.0,1.0
104,2020-06-08,Switzerland,,,,,,27022,0.0,1.0,1.0,1.0
105,2020-06-09,Switzerland,,,,,,27023,1.0,1.0,1.0,1.0
106,2020-06-10,Switzerland,,,,,,27023,0.0,1.0,1.0,1.0
107,2020-06-11,Switzerland,,,,,,27023,0.0,0.0,1.0,1.0
108,2020-06-12,Switzerland,,,,,,27023,0.0,0.0,1.0,1.0
109,2020-06-13,Switzerland,,,,,,27024,1.0,0.0,1.0,1.0
110,2020-06-14,Switzerland,,,,,,27024,0.0,0.0,1.0,1.0
111,2020-06-15,Switzerland,,,,,,27024,0.0,0.0,1.0,1.0
112,2020-06-16,Switzerland,,,,,,27024,0.0,0.0,1.0,1.0
113,2020-06-17,Switzerland,,,,,,27024,0.0,0.0,1.0,1.0
114,2020-06-18,Switzerland,,,,,,27025,1.0,0.0,1.0,1.0
115,2020-06-19,Switzerland,,,,,,27025,0.0,0.0,1.0,1.0
116,2020-06-20,Switzerland,,,,,,27025,0.0,0.0,1.0,1.0
117,2020-06-21,Switzerland,,,,,,27025,0.0,0.0,1.0,1.0
118,2020-06-22,Switzerland,,,,,,27025,0.0,0.0,1.0,1.0
119,2020-06-23,Switzerland,,,,,,27025,0.0,0.0,1.0,1.0
120,2020-06-24,Switzerland,,,,,,27025,0.0,0.0,1.0,1.0
121,2020-06-25,Switzerland,,,,,,27025,0.0,0.0,1.0,1.0
122,2020-06-26,Switzerland,,,,,,27025,0.0,0.0,1.0,1.0
123,2020-06-27,Switzerland,,,,,,27025,0.0,0.0,1.0,1.0
124,2020-06-28,Switzerland,,,,,,27025,0.0,0.0,1.0,1.0
125,2020-06-29,Switzerland,,,,,,27025,0.0,0.0,1.0,1.0
126,2020-06-30,Switzerland,,,,,,27025,0.0,0.0,1.0,1.0
127,2020-07-01,Switzerland,,,,,,27025,0.0,0.0,1.0,1.0
128,2020-07-02,Switzerland,,,,,,27025,0.0,0.0,1.0,1.0
129,2020-07-03,Switzerland,,,,,,27025,0.0,0.0,1.0,1.0
