,date,country,confirmed,new_confirmed,new_conf_avg_7,growth,growth_avg_7,predict,new_predict,new_pred_avg_7,p_growth,p_gr_avg_7
0,2020-02-29,Luxembourg,1.0,1.0,,0.0,1.0,,,,,
1,2020-03-01,Luxembourg,1.0,0.0,,1.0,1.0,,,,,
2,2020-03-02,Luxembourg,1.0,0.0,,1.0,1.0,,,,,
3,2020-03-03,Luxembourg,1.0,0.0,,1.0,1.0,,,,,
4,2020-03-04,Luxembourg,1.0,0.0,,1.0,1.0,,,,,
5,2020-03-05,Luxembourg,1.0,0.0,,1.0,1.0,,,,,
6,2020-03-06,Luxembourg,2.0,1.0,0.0,2.0,1.0,,,,,
7,2020-03-07,Luxembourg,2.0,0.0,0.0,1.0,1.143,,,0.0,,
8,2020-03-08,Luxembourg,3.0,1.0,0.0,1.5,1.214,,,0.0,,
9,2020-03-09,Luxembourg,4.0,1.0,0.0,1.3330000000000002,1.262,,,0.0,,
10,2020-03-10,Luxembourg,5.0,1.0,1.0,1.25,1.298,,,1.0,,
11,2020-03-11,Luxembourg,7.0,2.0,1.0,1.4,1.355,,,1.0,,
12,2020-03-12,Luxembourg,19.0,12.0,3.0,2.714,1.6,,,3.0,,
13,2020-03-13,Luxembourg,34.0,15.0,5.0,1.7890000000000001,1.569,,,5.0,,
14,2020-03-14,Luxembourg,51.0,17.0,7.0,1.5,1.641,,,7.0,,
15,2020-03-15,Luxembourg,59.0,8.0,8.0,1.157,1.5919999999999999,6.0,,8.0,,
16,2020-03-16,Luxembourg,77.0,18.0,10.0,1.305,1.588,110.0,104.0,10.0,18.333,
17,2020-03-17,Luxembourg,140.0,63.0,19.0,1.818,1.669,227.0,117.0,19.0,2.064,
18,2020-03-18,Luxembourg,203.0,63.0,28.0,1.45,1.676,355.0,128.0,28.0,1.564,
19,2020-03-19,Luxembourg,335.0,132.0,45.0,1.65,1.524,495.0,140.0,45.0,1.394,
20,2020-03-20,Luxembourg,484.0,149.0,64.0,1.445,1.475,643.0,148.0,64.0,1.299,
21,2020-03-21,Luxembourg,670.0,186.0,88.0,1.3840000000000001,1.4580000000000002,799.0,156.0,88.0,1.243,
22,2020-03-22,Luxembourg,798.0,128.0,106.0,1.1909999999999998,1.463,961.0,162.0,106.0,1.203,3.871
23,2020-03-23,Luxembourg,948.0,150.0,124.0,1.188,1.4469999999999998,1126.0,165.0,124.0,1.172,1.42
24,2020-03-24,Luxembourg,1099.0,151.0,137.0,1.159,1.3519999999999999,1292.0,166.0,137.0,1.147,1.289
25,2020-03-25,Luxembourg,1333.0,234.0,161.0,1.213,1.319,1458.0,166.0,161.0,1.128,1.227
26,2020-03-26,Luxembourg,1469.0,136.0,162.0,1.102,1.24,1621.0,163.0,162.0,1.112,1.186
27,2020-03-27,Luxembourg,1642.0,173.0,165.0,1.1179999999999999,1.194,1779.0,158.0,165.0,1.097,1.157
28,2020-03-28,Luxembourg,1831.0,189.0,166.0,1.115,1.155,1933.0,154.0,166.0,1.087,1.135
29,2020-03-29,Luxembourg,1909.0,78.0,159.0,1.043,1.1340000000000001,2079.0,146.0,159.0,1.076,1.117
30,2020-03-30,Luxembourg,2064.0,155.0,159.0,1.081,1.119,2219.0,140.0,159.0,1.067,1.102
31,2020-03-31,Luxembourg,2153.0,89.0,151.0,1.043,1.102,2350.0,131.0,151.0,1.059,1.089
32,2020-04-01,Luxembourg,2332.0,179.0,143.0,1.083,1.084,2473.0,123.0,143.0,1.052,1.079
33,2020-04-02,Luxembourg,2465.0,133.0,142.0,1.057,1.077,2587.0,114.0,142.0,1.046,1.069
34,2020-04-03,Luxembourg,2608.0,143.0,138.0,1.058,1.069,2693.0,106.0,138.0,1.041,1.061
35,2020-04-04,Luxembourg,2708.0,100.0,125.0,1.038,1.058,2790.0,97.0,125.0,1.036,1.054
36,2020-04-05,Luxembourg,2786.0,78.0,125.0,1.0290000000000001,1.056,2880.0,90.0,125.0,1.032,1.048
37,2020-04-06,Luxembourg,2887.0,101.0,118.0,1.036,1.0490000000000002,2961.0,81.0,118.0,1.028,1.042
38,2020-04-07,Luxembourg,2938.0,51.0,112.0,1.018,1.046,3035.0,74.0,112.0,1.025,1.037
39,2020-04-08,Luxembourg,3042.0,104.0,101.0,1.035,1.0390000000000001,3103.0,68.0,101.0,1.022,1.033
40,2020-04-09,Luxembourg,3128.0,86.0,95.0,1.028,1.035,3164.0,61.0,95.0,1.02,1.029
41,2020-04-10,Luxembourg,3192.0,64.0,83.0,1.02,1.0290000000000001,3219.0,55.0,83.0,1.017,1.026
42,2020-04-11,Luxembourg,3252.0,60.0,78.0,1.0190000000000001,1.026,3268.0,49.0,78.0,1.015,1.023
43,2020-04-12,Luxembourg,3281.0,29.0,71.0,1.0090000000000001,1.024,3313.0,45.0,71.0,1.014,1.02
44,2020-04-13,Luxembourg,3294.0,13.0,58.0,1.004,1.0190000000000001,3352.0,39.0,58.0,1.012,1.018
45,2020-04-14,Luxembourg,3307.0,13.0,53.0,1.004,1.0170000000000001,3388.0,36.0,53.0,1.011,1.016
46,2020-04-15,Luxembourg,,,,,,3420.0,32.0,54.0,1.009,1.014
47,2020-04-16,Luxembourg,,,,,,3448.0,28.0,46.0,1.008,1.012
48,2020-04-17,Luxembourg,,,,,,3474.0,26.0,40.0,1.008,1.011
49,2020-04-18,Luxembourg,,,,,,3497.0,23.0,35.0,1.007,1.01
50,2020-04-19,Luxembourg,,,,,,3517.0,20.0,34.0,1.006,1.009
51,2020-04-20,Luxembourg,,,,,,3535.0,18.0,34.0,1.005,1.008
52,2020-04-21,Luxembourg,,,,,,3551.0,16.0,35.0,1.005,1.007
53,2020-04-22,Luxembourg,,,,,,3565.0,14.0,21.0,1.004,1.006
54,2020-04-23,Luxembourg,,,,,,3577.0,12.0,18.0,1.003,1.005
55,2020-04-24,Luxembourg,,,,,,3588.0,11.0,16.0,1.003,1.005
56,2020-04-25,Luxembourg,,,,,,3598.0,10.0,14.0,1.003,1.004
57,2020-04-26,Luxembourg,,,,,,3607.0,9.0,13.0,1.003,1.004
58,2020-04-27,Luxembourg,,,,,,3615.0,8.0,11.0,1.002,1.003
59,2020-04-28,Luxembourg,,,,,,3622.0,7.0,10.0,1.002,1.003
60,2020-04-29,Luxembourg,,,,,,3628.0,6.0,9.0,1.002,1.003
61,2020-04-30,Luxembourg,,,,,,3633.0,5.0,8.0,1.001,1.002
62,2020-05-01,Luxembourg,,,,,,3638.0,5.0,7.0,1.001,1.002
63,2020-05-02,Luxembourg,,,,,,3642.0,4.0,6.0,1.001,1.002
64,2020-05-03,Luxembourg,,,,,,3646.0,4.0,6.0,1.001,1.001
65,2020-05-04,Luxembourg,,,,,,3650.0,4.0,5.0,1.001,1.001
66,2020-05-05,Luxembourg,,,,,,3652.0,2.0,4.0,1.001,1.001
67,2020-05-06,Luxembourg,,,,,,3655.0,3.0,4.0,1.001,1.001
68,2020-05-07,Luxembourg,,,,,,3657.0,2.0,3.0,1.001,1.001
69,2020-05-08,Luxembourg,,,,,,3659.0,2.0,3.0,1.001,1.001
70,2020-05-09,Luxembourg,,,,,,3661.0,2.0,3.0,1.001,1.001
71,2020-05-10,Luxembourg,,,,,,3663.0,2.0,2.0,1.001,1.001
72,2020-05-11,Luxembourg,,,,,,3664.0,1.0,2.0,1.0,1.001
73,2020-05-12,Luxembourg,,,,,,3665.0,1.0,2.0,1.0,1.001
74,2020-05-13,Luxembourg,,,,,,3667.0,2.0,2.0,1.001,1.001
75,2020-05-14,Luxembourg,,,,,,3668.0,1.0,2.0,1.0,1.001
76,2020-05-15,Luxembourg,,,,,,3668.0,0.0,1.0,1.0,1.0
77,2020-05-16,Luxembourg,,,,,,3669.0,1.0,1.0,1.0,1.0
78,2020-05-17,Luxembourg,,,,,,3670.0,1.0,1.0,1.0,1.0
79,2020-05-18,Luxembourg,,,,,,3670.0,0.0,1.0,1.0,1.0
80,2020-05-19,Luxembourg,,,,,,3671.0,1.0,1.0,1.0,1.0
81,2020-05-20,Luxembourg,,,,,,3671.0,0.0,1.0,1.0,1.0
82,2020-05-21,Luxembourg,,,,,,3672.0,1.0,1.0,1.0,1.0
83,2020-05-22,Luxembourg,,,,,,3672.0,0.0,1.0,1.0,1.0
84,2020-05-23,Luxembourg,,,,,,3673.0,1.0,1.0,1.0,1.0
85,2020-05-24,Luxembourg,,,,,,3673.0,0.0,0.0,1.0,1.0
86,2020-05-25,Luxembourg,,,,,,3673.0,0.0,0.0,1.0,1.0
87,2020-05-26,Luxembourg,,,,,,3673.0,0.0,0.0,1.0,1.0
88,2020-05-27,Luxembourg,,,,,,3674.0,1.0,0.0,1.0,1.0
89,2020-05-28,Luxembourg,,,,,,3674.0,0.0,0.0,1.0,1.0
90,2020-05-29,Luxembourg,,,,,,3674.0,0.0,0.0,1.0,1.0
91,2020-05-30,Luxembourg,,,,,,3674.0,0.0,0.0,1.0,1.0
92,2020-05-31,Luxembourg,,,,,,3674.0,0.0,0.0,1.0,1.0
93,2020-06-01,Luxembourg,,,,,,3674.0,0.0,0.0,1.0,1.0
94,2020-06-02,Luxembourg,,,,,,3674.0,0.0,0.0,1.0,1.0
