,date,country,confirmed,new_confirmed,new_conf_avg_7,growth,growth_avg_7,predict,new_predict,new_pred_avg_7,p_growth,p_gr_avg_7
0,2020-01-31,United Kingdom,2.0,2.0,,0.0,1.0,25,,,1.0,
1,2020-02-01,United Kingdom,2.0,0.0,,1.0,1.0,25,0.0,,1.0,
2,2020-02-02,United Kingdom,2.0,0.0,,1.0,1.0,25,0.0,,1.0,
3,2020-02-03,United Kingdom,2.0,0.0,,1.0,1.0,25,0.0,,1.0,
4,2020-02-04,United Kingdom,2.0,0.0,,1.0,1.0,25,0.0,,1.0,
5,2020-02-05,United Kingdom,2.0,0.0,,1.0,1.0,25,0.0,,1.0,
6,2020-02-06,United Kingdom,2.0,0.0,0.0,1.0,1.0,25,0.0,,1.0,1.0
7,2020-02-07,United Kingdom,3.0,1.0,0.0,1.5,1.071,25,0.0,0.0,1.0,1.0
8,2020-02-08,United Kingdom,3.0,0.0,0.0,1.0,1.071,25,0.0,0.0,1.0,1.0
9,2020-02-09,United Kingdom,5.0,2.0,0.0,1.6669999999999998,1.167,25,0.0,0.0,1.0,1.0
10,2020-02-10,United Kingdom,8.0,3.0,1.0,1.6,1.252,25,0.0,1.0,1.0,1.0
11,2020-02-11,United Kingdom,8.0,0.0,1.0,1.0,1.252,25,0.0,1.0,1.0,1.0
12,2020-02-12,United Kingdom,9.0,1.0,1.0,1.125,1.27,25,0.0,1.0,1.0,1.0
13,2020-02-13,United Kingdom,9.0,0.0,1.0,1.0,1.27,25,0.0,1.0,1.0,1.0
14,2020-02-14,United Kingdom,9.0,0.0,1.0,1.0,1.199,25,0.0,1.0,1.0,1.0
15,2020-02-15,United Kingdom,9.0,0.0,1.0,1.0,1.199,25,0.0,1.0,1.0,1.0
16,2020-02-16,United Kingdom,9.0,0.0,1.0,1.0,1.104,25,0.0,1.0,1.0,1.0
17,2020-02-17,United Kingdom,9.0,0.0,0.0,1.0,1.018,25,0.0,0.0,1.0,1.0
18,2020-02-18,United Kingdom,9.0,0.0,0.0,1.0,1.018,26,1.0,0.0,1.04,1.006
19,2020-02-19,United Kingdom,9.0,0.0,0.0,1.0,1.0,26,0.0,0.0,1.0,1.006
20,2020-02-20,United Kingdom,9.0,0.0,0.0,1.0,1.0,26,0.0,0.0,1.0,1.006
21,2020-02-21,United Kingdom,9.0,0.0,0.0,1.0,1.0,27,1.0,0.0,1.038,1.011
22,2020-02-22,United Kingdom,9.0,0.0,0.0,1.0,1.0,28,1.0,0.0,1.037,1.016
23,2020-02-23,United Kingdom,11.0,2.0,0.0,1.222,1.032,29,1.0,0.0,1.036,1.022
24,2020-02-24,United Kingdom,13.0,2.0,1.0,1.182,1.058,30,1.0,1.0,1.034,1.026
25,2020-02-25,United Kingdom,13.0,0.0,1.0,1.0,1.058,32,2.0,1.0,1.067,1.03
26,2020-02-26,United Kingdom,14.0,1.0,1.0,1.077,1.069,35,3.0,1.0,1.094,1.044
27,2020-02-27,United Kingdom,15.0,1.0,1.0,1.071,1.079,38,3.0,1.0,1.086,1.056
28,2020-02-28,United Kingdom,20.0,5.0,2.0,1.3330000000000002,1.126,43,5.0,2.0,1.132,1.069
29,2020-02-29,United Kingdom,23.0,3.0,2.0,1.15,1.148,50,7.0,2.0,1.163,1.087
30,2020-03-01,United Kingdom,36.0,13.0,4.0,1.565,1.197,58,8.0,4.0,1.16,1.105
31,2020-03-02,United Kingdom,40.0,4.0,4.0,1.111,1.187,70,12.0,4.0,1.207,1.13
32,2020-03-03,United Kingdom,51.0,11.0,5.0,1.275,1.226,86,16.0,5.0,1.229,1.153
33,2020-03-04,United Kingdom,85.0,34.0,10.0,1.6669999999999998,1.31,106,20.0,10.0,1.233,1.173
34,2020-03-05,United Kingdom,115.0,30.0,14.0,1.3530000000000002,1.351,133,27.0,14.0,1.255,1.197
35,2020-03-06,United Kingdom,163.0,48.0,20.0,1.4169999999999998,1.3630000000000002,169,36.0,20.0,1.271,1.217
36,2020-03-07,United Kingdom,206.0,43.0,26.0,1.264,1.379,215,46.0,26.0,1.272,1.232
37,2020-03-08,United Kingdom,273.0,67.0,34.0,1.325,1.345,275,60.0,34.0,1.279,1.249
38,2020-03-09,United Kingdom,321.0,48.0,40.0,1.176,1.354,354,79.0,40.0,1.287,1.261
39,2020-03-10,United Kingdom,382.0,61.0,47.0,1.19,1.3419999999999999,455,101.0,47.0,1.285,1.269
40,2020-03-11,United Kingdom,456.0,74.0,53.0,1.194,1.274,584,129.0,53.0,1.284,1.276
41,2020-03-12,United Kingdom,627.0,171.0,73.0,1.375,1.2770000000000001,749,165.0,73.0,1.283,1.28
42,2020-03-13,United Kingdom,798.0,171.0,91.0,1.273,1.2570000000000001,958,209.0,91.0,1.279,1.281
43,2020-03-14,United Kingdom,1140.0,342.0,133.0,1.429,1.28,1220,262.0,133.0,1.273,1.281
44,2020-03-15,United Kingdom,1341.0,201.0,153.0,1.176,1.2590000000000001,1547,327.0,153.0,1.268,1.28
45,2020-03-16,United Kingdom,1543.0,202.0,175.0,1.151,1.255,1953,406.0,175.0,1.262,1.276
46,2020-03-17,United Kingdom,1950.0,407.0,224.0,1.264,1.266,2452,499.0,224.0,1.256,1.272
47,2020-03-18,United Kingdom,2627.0,677.0,310.0,1.347,1.288,3060,608.0,310.0,1.248,1.267
48,2020-03-19,United Kingdom,3307.0,680.0,383.0,1.2590000000000001,1.271,3797,737.0,383.0,1.241,1.261
49,2020-03-20,United Kingdom,3987.0,680.0,456.0,1.206,1.262,4682,885.0,456.0,1.233,1.254
50,2020-03-21,United Kingdom,5024.0,1037.0,555.0,1.26,1.238,5736,1054.0,555.0,1.225,1.248
51,2020-03-22,United Kingdom,5693.0,669.0,622.0,1.133,1.2309999999999999,6979,1243.0,622.0,1.217,1.24
52,2020-03-23,United Kingdom,6670.0,977.0,732.0,1.172,1.234,8433,1454.0,732.0,1.208,1.233
53,2020-03-24,United Kingdom,8107.0,1437.0,880.0,1.215,1.227,10118,1685.0,880.0,1.2,1.225
54,2020-03-25,United Kingdom,9563.0,1456.0,991.0,1.18,1.204,12054,1936.0,991.0,1.191,1.216
55,2020-03-26,United Kingdom,11704.0,2141.0,1200.0,1.224,1.199,14258,2204.0,1200.0,1.183,1.208
56,2020-03-27,United Kingdom,14594.0,2890.0,1515.0,1.247,1.204,16743,2485.0,1515.0,1.174,1.2
57,2020-03-28,United Kingdom,17156.0,2562.0,1733.0,1.176,1.192,19521,2778.0,1733.0,1.166,1.191
58,2020-03-29,United Kingdom,19599.0,2443.0,1987.0,1.1420000000000001,1.194,22596,3075.0,1987.0,1.158,1.183
59,2020-03-30,United Kingdom,22231.0,2632.0,2223.0,1.1340000000000001,1.188,25971,3375.0,2223.0,1.149,1.174
60,2020-03-31,United Kingdom,25257.0,3026.0,2450.0,1.136,1.177,29641,3670.0,2450.0,1.141,1.166
61,2020-04-01,United Kingdom,29591.0,4334.0,2861.0,1.172,1.176,33598,3957.0,2861.0,1.133,1.158
62,2020-04-02,United Kingdom,33862.0,4271.0,3165.0,1.1440000000000001,1.1640000000000001,37827,4229.0,3165.0,1.126,1.15
63,2020-04-03,United Kingdom,38334.0,4472.0,3391.0,1.1320000000000001,1.148,42308,4481.0,3391.0,1.118,1.142
64,2020-04-04,United Kingdom,43161.0,4827.0,3715.0,1.126,1.141,47018,4710.0,3715.0,1.111,1.134
65,2020-04-05,United Kingdom,47995.0,4834.0,4057.0,1.112,1.137,51929,4911.0,4057.0,1.104,1.126
66,2020-04-06,United Kingdom,51723.0,3728.0,4213.0,1.078,1.129,57011,5082.0,4213.0,1.098,1.119
67,2020-04-07,United Kingdom,56382.0,4661.0,4447.0,1.09,1.122,62231,5220.0,4446.0,1.092,1.112
68,2020-04-08,United Kingdom,60400.0,4018.0,4402.0,1.071,1.1079999999999999,67553,5322.0,4401.0,1.086,1.105
69,2020-04-09,United Kingdom,67511.0,7111.0,4807.0,1.1179999999999999,1.104,72943,5390.0,4807.0,1.08,1.098
70,2020-04-10,United Kingdom,74035.0,6524.0,5100.0,1.097,1.099,78366,5423.0,5100.0,1.074,1.092
71,2020-04-11,United Kingdom,,,,,,83788,5422.0,5804.0,1.069,1.086
72,2020-04-12,United Kingdom,,,,,,89178,5390.0,5883.0,1.064,1.08
73,2020-04-13,United Kingdom,,,,,,94506,5328.0,6112.0,1.06,1.075
74,2020-04-14,United Kingdom,,,,,,99743,5237.0,6194.0,1.055,1.07
75,2020-04-15,United Kingdom,,,,,,104867,5124.0,6352.0,1.051,1.065
76,2020-04-16,United Kingdom,,,,,,109856,4989.0,6049.0,1.048,1.06
77,2020-04-17,United Kingdom,,,,,,114693,4837.0,5808.0,1.044,1.056
78,2020-04-18,United Kingdom,,,,,,119361,4668.0,5082.0,1.041,1.052
79,2020-04-19,United Kingdom,,,,,,123850,4489.0,4953.0,1.038,1.048
80,2020-04-20,United Kingdom,,,,,,128151,4301.0,4806.0,1.035,1.045
81,2020-04-21,United Kingdom,,,,,,132257,4106.0,4645.0,1.032,1.041
82,2020-04-22,United Kingdom,,,,,,136166,3909.0,4471.0,1.03,1.038
83,2020-04-23,United Kingdom,,,,,,139875,3709.0,4288.0,1.027,1.035
84,2020-04-24,United Kingdom,,,,,,143386,3511.0,4099.0,1.025,1.033
85,2020-04-25,United Kingdom,,,,,,146699,3313.0,3905.0,1.023,1.03
86,2020-04-26,United Kingdom,,,,,,149820,3121.0,3710.0,1.021,1.028
87,2020-04-27,United Kingdom,,,,,,152753,2933.0,3515.0,1.02,1.025
88,2020-04-28,United Kingdom,,,,,,155503,2750.0,3321.0,1.018,1.023
89,2020-04-29,United Kingdom,,,,,,158078,2575.0,3130.0,1.017,1.022
90,2020-04-30,United Kingdom,,,,,,160483,2405.0,2944.0,1.015,1.02
91,2020-05-01,United Kingdom,,,,,,162727,2244.0,2763.0,1.014,1.018
92,2020-05-02,United Kingdom,,,,,,164818,2091.0,2588.0,1.013,1.017
93,2020-05-03,United Kingdom,,,,,,166763,1945.0,2420.0,1.012,1.016
94,2020-05-04,United Kingdom,,,,,,168569,1806.0,2259.0,1.011,1.014
95,2020-05-05,United Kingdom,,,,,,170246,1677.0,2106.0,1.01,1.013
96,2020-05-06,United Kingdom,,,,,,171801,1555.0,1960.0,1.009,1.012
97,2020-05-07,United Kingdom,,,,,,173241,1440.0,1823.0,1.008,1.011
98,2020-05-08,United Kingdom,,,,,,174573,1332.0,1692.0,1.008,1.01
99,2020-05-09,United Kingdom,,,,,,175804,1231.0,1569.0,1.007,1.009
100,2020-05-10,United Kingdom,,,,,,176942,1138.0,1454.0,1.006,1.008
101,2020-05-11,United Kingdom,,,,,,177993,1051.0,1346.0,1.006,1.008
102,2020-05-12,United Kingdom,,,,,,178962,969.0,1245.0,1.005,1.007
103,2020-05-13,United Kingdom,,,,,,179855,893.0,1151.0,1.005,1.006
104,2020-05-14,United Kingdom,,,,,,180679,824.0,1063.0,1.005,1.006
105,2020-05-15,United Kingdom,,,,,,181437,758.0,981.0,1.004,1.005
106,2020-05-16,United Kingdom,,,,,,182135,698.0,904.0,1.004,1.005
107,2020-05-17,United Kingdom,,,,,,182778,643.0,834.0,1.004,1.005
108,2020-05-18,United Kingdom,,,,,,183369,591.0,768.0,1.003,1.004
109,2020-05-19,United Kingdom,,,,,,183912,543.0,707.0,1.003,1.004
110,2020-05-20,United Kingdom,,,,,,184412,500.0,651.0,1.003,1.004
111,2020-05-21,United Kingdom,,,,,,184871,459.0,599.0,1.002,1.003
112,2020-05-22,United Kingdom,,,,,,185293,422.0,551.0,1.002,1.003
113,2020-05-23,United Kingdom,,,,,,185681,388.0,507.0,1.002,1.003
114,2020-05-24,United Kingdom,,,,,,186036,355.0,465.0,1.002,1.002
115,2020-05-25,United Kingdom,,,,,,186363,327.0,428.0,1.002,1.002
116,2020-05-26,United Kingdom,,,,,,186663,300.0,393.0,1.002,1.002
117,2020-05-27,United Kingdom,,,,,,186938,275.0,361.0,1.001,1.002
118,2020-05-28,United Kingdom,,,,,,187191,253.0,331.0,1.001,1.002
119,2020-05-29,United Kingdom,,,,,,187422,231.0,304.0,1.001,1.002
120,2020-05-30,United Kingdom,,,,,,187635,213.0,279.0,1.001,1.001
121,2020-05-31,United Kingdom,,,,,,187830,195.0,256.0,1.001,1.001
122,2020-06-01,United Kingdom,,,,,,188009,179.0,235.0,1.001,1.001
123,2020-06-02,United Kingdom,,,,,,188173,164.0,216.0,1.001,1.001
124,2020-06-03,United Kingdom,,,,,,188323,150.0,198.0,1.001,1.001
125,2020-06-04,United Kingdom,,,,,,188461,138.0,181.0,1.001,1.001
126,2020-06-05,United Kingdom,,,,,,188587,126.0,166.0,1.001,1.001
127,2020-06-06,United Kingdom,,,,,,188703,116.0,153.0,1.001,1.001
128,2020-06-07,United Kingdom,,,,,,188809,106.0,140.0,1.001,1.001
129,2020-06-08,United Kingdom,,,,,,188907,98.0,128.0,1.001,1.001
130,2020-06-09,United Kingdom,,,,,,188996,89.0,118.0,1.0,1.001
131,2020-06-10,United Kingdom,,,,,,189078,82.0,108.0,1.0,1.001
132,2020-06-11,United Kingdom,,,,,,189153,75.0,99.0,1.0,1.001
133,2020-06-12,United Kingdom,,,,,,189221,68.0,91.0,1.0,1.0
134,2020-06-13,United Kingdom,,,,,,189284,63.0,83.0,1.0,1.0
135,2020-06-14,United Kingdom,,,,,,189342,58.0,76.0,1.0,1.0
136,2020-06-15,United Kingdom,,,,,,189395,53.0,70.0,1.0,1.0
137,2020-06-16,United Kingdom,,,,,,189443,48.0,64.0,1.0,1.0
138,2020-06-17,United Kingdom,,,,,,189488,45.0,59.0,1.0,1.0
139,2020-06-18,United Kingdom,,,,,,189528,40.0,54.0,1.0,1.0
140,2020-06-19,United Kingdom,,,,,,189566,38.0,49.0,1.0,1.0
141,2020-06-20,United Kingdom,,,,,,189600,34.0,45.0,1.0,1.0
142,2020-06-21,United Kingdom,,,,,,189631,31.0,41.0,1.0,1.0
143,2020-06-22,United Kingdom,,,,,,189660,29.0,38.0,1.0,1.0
144,2020-06-23,United Kingdom,,,,,,189686,26.0,35.0,1.0,1.0
145,2020-06-24,United Kingdom,,,,,,189710,24.0,32.0,1.0,1.0
146,2020-06-25,United Kingdom,,,,,,189732,22.0,29.0,1.0,1.0
147,2020-06-26,United Kingdom,,,,,,189752,20.0,27.0,1.0,1.0
148,2020-06-27,United Kingdom,,,,,,189771,19.0,24.0,1.0,1.0
149,2020-06-28,United Kingdom,,,,,,189787,16.0,22.0,1.0,1.0
150,2020-06-29,United Kingdom,,,,,,189803,16.0,20.0,1.0,1.0
151,2020-06-30,United Kingdom,,,,,,189817,14.0,19.0,1.0,1.0
152,2020-07-01,United Kingdom,,,,,,189830,13.0,17.0,1.0,1.0
153,2020-07-02,United Kingdom,,,,,,189842,12.0,16.0,1.0,1.0
154,2020-07-03,United Kingdom,,,,,,189853,11.0,14.0,1.0,1.0
155,2020-07-04,United Kingdom,,,,,,189863,10.0,13.0,1.0,1.0
156,2020-07-05,United Kingdom,,,,,,189872,9.0,12.0,1.0,1.0
157,2020-07-06,United Kingdom,,,,,,189881,9.0,11.0,1.0,1.0
158,2020-07-07,United Kingdom,,,,,,189888,7.0,10.0,1.0,1.0
159,2020-07-08,United Kingdom,,,,,,189895,7.0,9.0,1.0,1.0
160,2020-07-09,United Kingdom,,,,,,189902,7.0,9.0,1.0,1.0
161,2020-07-10,United Kingdom,,,,,,189908,6.0,8.0,1.0,1.0
162,2020-07-11,United Kingdom,,,,,,189913,5.0,7.0,1.0,1.0
163,2020-07-12,United Kingdom,,,,,,189918,5.0,7.0,1.0,1.0
164,2020-07-13,United Kingdom,,,,,,189923,5.0,6.0,1.0,1.0
165,2020-07-14,United Kingdom,,,,,,189927,4.0,6.0,1.0,1.0
166,2020-07-15,United Kingdom,,,,,,189931,4.0,5.0,1.0,1.0
167,2020-07-16,United Kingdom,,,,,,189934,3.0,5.0,1.0,1.0
168,2020-07-17,United Kingdom,,,,,,189937,3.0,4.0,1.0,1.0
169,2020-07-18,United Kingdom,,,,,,189940,3.0,4.0,1.0,1.0
170,2020-07-19,United Kingdom,,,,,,189943,3.0,4.0,1.0,1.0
171,2020-07-20,United Kingdom,,,,,,189945,2.0,3.0,1.0,1.0
172,2020-07-21,United Kingdom,,,,,,189948,3.0,3.0,1.0,1.0
173,2020-07-22,United Kingdom,,,,,,189950,2.0,3.0,1.0,1.0
174,2020-07-23,United Kingdom,,,,,,189952,2.0,3.0,1.0,1.0
175,2020-07-24,United Kingdom,,,,,,189953,1.0,2.0,1.0,1.0
176,2020-07-25,United Kingdom,,,,,,189955,2.0,2.0,1.0,1.0
177,2020-07-26,United Kingdom,,,,,,189956,1.0,2.0,1.0,1.0
178,2020-07-27,United Kingdom,,,,,,189958,2.0,2.0,1.0,1.0
179,2020-07-28,United Kingdom,,,,,,189959,1.0,2.0,1.0,1.0
180,2020-07-29,United Kingdom,,,,,,189960,1.0,1.0,1.0,1.0
181,2020-07-30,United Kingdom,,,,,,189961,1.0,1.0,1.0,1.0
182,2020-07-31,United Kingdom,,,,,,189962,1.0,1.0,1.0,1.0
183,2020-08-01,United Kingdom,,,,,,189963,1.0,1.0,1.0,1.0
184,2020-08-02,United Kingdom,,,,,,189964,1.0,1.0,1.0,1.0
185,2020-08-03,United Kingdom,,,,,,189964,0.0,1.0,1.0,1.0
186,2020-08-04,United Kingdom,,,,,,189965,1.0,1.0,1.0,1.0
187,2020-08-05,United Kingdom,,,,,,189966,1.0,1.0,1.0,1.0
188,2020-08-06,United Kingdom,,,,,,189966,0.0,1.0,1.0,1.0
189,2020-08-07,United Kingdom,,,,,,189967,1.0,1.0,1.0,1.0
190,2020-08-08,United Kingdom,,,,,,189967,0.0,1.0,1.0,1.0
191,2020-08-09,United Kingdom,,,,,,189968,1.0,1.0,1.0,1.0
192,2020-08-10,United Kingdom,,,,,,189968,0.0,1.0,1.0,1.0
193,2020-08-11,United Kingdom,,,,,,189968,0.0,0.0,1.0,1.0
194,2020-08-12,United Kingdom,,,,,,189969,1.0,0.0,1.0,1.0
195,2020-08-13,United Kingdom,,,,,,189969,0.0,0.0,1.0,1.0
196,2020-08-14,United Kingdom,,,,,,189969,0.0,0.0,1.0,1.0
197,2020-08-15,United Kingdom,,,,,,189969,0.0,0.0,1.0,1.0
198,2020-08-16,United Kingdom,,,,,,189970,1.0,0.0,1.0,1.0
199,2020-08-17,United Kingdom,,,,,,189970,0.0,0.0,1.0,1.0
200,2020-08-18,United Kingdom,,,,,,189970,0.0,0.0,1.0,1.0
201,2020-08-19,United Kingdom,,,,,,189970,0.0,0.0,1.0,1.0
202,2020-08-20,United Kingdom,,,,,,189970,0.0,0.0,1.0,1.0
203,2020-08-21,United Kingdom,,,,,,189971,1.0,0.0,1.0,1.0
204,2020-08-22,United Kingdom,,,,,,189971,0.0,0.0,1.0,1.0
205,2020-08-23,United Kingdom,,,,,,189971,0.0,0.0,1.0,1.0
206,2020-08-24,United Kingdom,,,,,,189971,0.0,0.0,1.0,1.0
207,2020-08-25,United Kingdom,,,,,,189971,0.0,0.0,1.0,1.0
208,2020-08-26,United Kingdom,,,,,,189971,0.0,0.0,1.0,1.0
209,2020-08-27,United Kingdom,,,,,,189971,0.0,0.0,1.0,1.0
210,2020-08-28,United Kingdom,,,,,,189971,0.0,0.0,1.0,1.0
211,2020-08-29,United Kingdom,,,,,,189971,0.0,0.0,1.0,1.0
212,2020-08-30,United Kingdom,,,,,,189971,0.0,0.0,1.0,1.0
213,2020-08-31,United Kingdom,,,,,,189971,0.0,0.0,1.0,1.0
214,2020-09-01,United Kingdom,,,,,,189972,1.0,0.0,1.0,1.0
215,2020-09-02,United Kingdom,,,,,,189972,0.0,0.0,1.0,1.0
216,2020-09-03,United Kingdom,,,,,,189972,0.0,0.0,1.0,1.0
217,2020-09-04,United Kingdom,,,,,,189972,0.0,0.0,1.0,1.0
