,date,country,confirmed,new_confirmed,new_conf_avg_7,growth,growth_avg_7,predict,new_predict,new_pred_avg_7,p_growth,p_gr_avg_7
0,2020-01-23,Singapore,1.0,1.0,,0.0,1.0,32,,,1.0,
1,2020-01-24,Singapore,3.0,2.0,,3.0,1.156,32,0.0,,1.0,
2,2020-01-25,Singapore,3.0,0.0,,1.0,1.151,32,0.0,,1.0,
3,2020-01-26,Singapore,4.0,1.0,,1.3330000000000002,1.196,32,0.0,,1.0,
4,2020-01-27,Singapore,5.0,1.0,,1.25,1.23,33,1.0,,1.031,
5,2020-01-28,Singapore,7.0,2.0,,1.4,1.286,33,0.0,,1.0,
6,2020-01-29,Singapore,8.0,1.0,1.0,1.143,1.304,33,0.0,,1.0,1.004
7,2020-01-30,Singapore,10.0,2.0,1.0,1.25,1.482,34,1.0,1.0,1.03,1.009
8,2020-01-31,Singapore,13.0,3.0,1.0,1.3,1.239,34,0.0,1.0,1.0,1.009
9,2020-02-01,Singapore,16.0,3.0,2.0,1.2309999999999999,1.272,35,1.0,2.0,1.029,1.013
10,2020-02-02,Singapore,18.0,2.0,2.0,1.125,1.2429999999999999,35,0.0,2.0,1.0,1.013
11,2020-02-03,Singapore,21.0,3.0,2.0,1.167,1.2309999999999999,36,1.0,2.0,1.029,1.013
12,2020-02-04,Singapore,24.0,3.0,2.0,1.143,1.194,36,0.0,2.0,1.0,1.013
13,2020-02-05,Singapore,28.0,4.0,3.0,1.167,1.198,37,1.0,3.0,1.028,1.017
14,2020-02-06,Singapore,29.0,1.0,3.0,1.036,1.167,38,1.0,3.0,1.027,1.016
15,2020-02-07,Singapore,30.0,1.0,2.0,1.034,1.129,38,0.0,2.0,1.0,1.016
16,2020-02-08,Singapore,35.0,5.0,3.0,1.167,1.12,39,1.0,3.0,1.026,1.016
17,2020-02-09,Singapore,40.0,5.0,3.0,1.143,1.122,40,1.0,3.0,1.026,1.019
18,2020-02-10,Singapore,45.0,5.0,3.0,1.125,1.1159999999999999,41,1.0,3.0,1.025,1.019
19,2020-02-11,Singapore,47.0,2.0,3.0,1.044,1.102,42,1.0,3.0,1.024,1.022
20,2020-02-12,Singapore,52.0,5.0,3.0,1.1059999999999999,1.094,44,2.0,3.0,1.048,1.025
21,2020-02-13,Singapore,58.0,6.0,4.0,1.115,1.105,45,1.0,4.0,1.023,1.025
22,2020-02-14,Singapore,67.0,9.0,5.0,1.155,1.122,46,1.0,5.0,1.022,1.028
23,2020-02-15,Singapore,71.0,4.0,5.0,1.06,1.107,48,2.0,5.0,1.043,1.03
24,2020-02-16,Singapore,74.0,3.0,5.0,1.042,1.092,50,2.0,5.0,1.042,1.032
25,2020-02-17,Singapore,78.0,4.0,5.0,1.054,1.082,52,2.0,5.0,1.04,1.035
26,2020-02-18,Singapore,80.0,2.0,5.0,1.026,1.08,54,2.0,5.0,1.038,1.037
27,2020-02-19,Singapore,82.0,2.0,4.0,1.025,1.068,56,2.0,4.0,1.037,1.035
28,2020-02-20,Singapore,84.0,2.0,4.0,1.024,1.055,58,2.0,4.0,1.036,1.037
29,2020-02-21,Singapore,84.0,0.0,2.0,1.0,1.033,61,3.0,2.0,1.052,1.041
30,2020-02-22,Singapore,87.0,3.0,2.0,1.036,1.03,64,3.0,2.0,1.049,1.042
31,2020-02-23,Singapore,87.0,0.0,2.0,1.0,1.024,67,3.0,2.0,1.047,1.043
32,2020-02-24,Singapore,90.0,3.0,2.0,1.034,1.021,71,4.0,2.0,1.06,1.046
33,2020-02-25,Singapore,91.0,1.0,2.0,1.011,1.0190000000000001,75,4.0,2.0,1.056,1.048
34,2020-02-26,Singapore,92.0,1.0,1.0,1.011,1.0170000000000001,79,4.0,1.0,1.053,1.05
35,2020-02-27,Singapore,93.0,1.0,1.0,1.011,1.015,83,4.0,1.0,1.051,1.053
36,2020-02-28,Singapore,97.0,4.0,2.0,1.043,1.021,88,5.0,2.0,1.06,1.054
37,2020-02-29,Singapore,99.0,2.0,2.0,1.021,1.0190000000000001,94,6.0,2.0,1.068,1.056
38,2020-03-01,Singapore,105.0,6.0,3.0,1.061,1.0270000000000001,100,6.0,3.0,1.064,1.059
39,2020-03-02,Singapore,108.0,3.0,3.0,1.0290000000000001,1.0270000000000001,106,6.0,3.0,1.06,1.059
40,2020-03-03,Singapore,109.0,1.0,3.0,1.0090000000000001,1.026,113,7.0,3.0,1.066,1.06
41,2020-03-04,Singapore,113.0,4.0,3.0,1.037,1.03,121,8.0,3.0,1.071,1.063
42,2020-03-05,Singapore,120.0,7.0,4.0,1.062,1.037,129,8.0,4.0,1.066,1.065
43,2020-03-06,Singapore,130.0,10.0,5.0,1.083,1.043,138,9.0,5.0,1.07,1.066
44,2020-03-07,Singapore,140.0,10.0,6.0,1.077,1.051,148,10.0,6.0,1.072,1.067
45,2020-03-08,Singapore,144.0,4.0,6.0,1.0290000000000001,1.047,159,11.0,6.0,1.074,1.068
46,2020-03-09,Singapore,155.0,11.0,7.0,1.0759999999999998,1.053,171,12.0,7.0,1.075,1.071
47,2020-03-10,Singapore,164.0,9.0,8.0,1.058,1.06,184,13.0,8.0,1.076,1.072
48,2020-03-11,Singapore,178.0,14.0,9.0,1.085,1.067,198,14.0,9.0,1.076,1.073
49,2020-03-12,Singapore,189.0,11.0,10.0,1.062,1.067,214,16.0,10.0,1.081,1.075
50,2020-03-13,Singapore,200.0,11.0,10.0,1.058,1.064,230,16.0,10.0,1.075,1.076
51,2020-03-14,Singapore,213.0,13.0,10.0,1.065,1.062,249,19.0,10.0,1.083,1.077
52,2020-03-15,Singapore,227.0,14.0,12.0,1.0659999999999998,1.067,269,20.0,12.0,1.08,1.078
53,2020-03-16,Singapore,246.0,19.0,13.0,1.084,1.068,290,21.0,13.0,1.078,1.078
54,2020-03-17,Singapore,278.0,32.0,16.0,1.13,1.079,314,24.0,16.0,1.083,1.079
55,2020-03-18,Singapore,313.0,35.0,19.0,1.126,1.084,339,25.0,19.0,1.08,1.08
56,2020-03-19,Singapore,349.0,36.0,23.0,1.115,1.092,367,28.0,23.0,1.083,1.08
57,2020-03-20,Singapore,385.0,36.0,26.0,1.103,1.0979999999999999,397,30.0,26.0,1.082,1.081
58,2020-03-21,Singapore,432.0,47.0,31.0,1.122,1.107,430,33.0,31.0,1.083,1.081
59,2020-03-22,Singapore,470.0,38.0,35.0,1.088,1.11,465,35.0,35.0,1.081,1.081
60,2020-03-23,Singapore,509.0,39.0,38.0,1.083,1.11,503,38.0,38.0,1.082,1.082
61,2020-03-24,Singapore,570.0,61.0,42.0,1.12,1.1079999999999999,545,42.0,42.0,1.083,1.082
62,2020-03-25,Singapore,631.0,61.0,45.0,1.107,1.105,589,44.0,45.0,1.081,1.082
63,2020-03-26,Singapore,681.0,50.0,47.0,1.079,1.1,637,48.0,47.0,1.081,1.082
64,2020-03-27,Singapore,742.0,61.0,51.0,1.09,1.0979999999999999,689,52.0,51.0,1.082,1.082
65,2020-03-28,Singapore,788.0,46.0,51.0,1.062,1.09,745,56.0,51.0,1.081,1.082
66,2020-03-29,Singapore,840.0,52.0,53.0,1.0659999999999998,1.087,804,59.0,53.0,1.079,1.081
67,2020-03-30,Singapore,885.0,45.0,54.0,1.054,1.083,868,64.0,54.0,1.08,1.081
68,2020-03-31,Singapore,939.0,54.0,53.0,1.061,1.074,936,68.0,53.0,1.078,1.08
69,2020-04-01,Singapore,987.0,48.0,51.0,1.051,1.0659999999999998,1008,72.0,51.0,1.077,1.08
70,2020-04-02,Singapore,1057.0,70.0,54.0,1.071,1.065,1084,76.0,54.0,1.075,1.079
71,2020-04-03,Singapore,1119.0,62.0,54.0,1.0590000000000002,1.061,1165,81.0,54.0,1.075,1.078
72,2020-04-04,Singapore,1211.0,92.0,60.0,1.082,1.063,1250,85.0,60.0,1.073,1.077
73,2020-04-05,Singapore,1282.0,71.0,63.0,1.0590000000000002,1.062,1339,89.0,63.0,1.071,1.076
74,2020-04-06,Singapore,1395.0,113.0,73.0,1.088,1.067,1431,92.0,73.0,1.069,1.074
75,2020-04-07,Singapore,1481.0,86.0,77.0,1.062,1.067,1526,95.0,77.0,1.066,1.072
76,2020-04-08,Singapore,,,,,,1625,99.0,91.0,1.065,1.071
77,2020-04-09,Singapore,,,,,,1726,101.0,96.0,1.062,1.069
78,2020-04-10,Singapore,,,,,,1828,102.0,101.0,1.059,1.066
79,2020-04-11,Singapore,,,,,,1932,104.0,103.0,1.057,1.064
80,2020-04-12,Singapore,,,,,,2036,104.0,108.0,1.054,1.062
81,2020-04-13,Singapore,,,,,,2140,104.0,106.0,1.051,1.059
82,2020-04-14,Singapore,,,,,,2243,103.0,109.0,1.048,1.057
83,2020-04-15,Singapore,,,,,,2343,100.0,103.0,1.045,1.054
84,2020-04-16,Singapore,,,,,,2442,99.0,102.0,1.042,1.051
85,2020-04-17,Singapore,,,,,,2537,95.0,101.0,1.039,1.048
86,2020-04-18,Singapore,,,,,,2628,91.0,99.0,1.036,1.045
87,2020-04-19,Singapore,,,,,,2715,87.0,97.0,1.033,1.042
88,2020-04-20,Singapore,,,,,,2797,82.0,94.0,1.03,1.039
89,2020-04-21,Singapore,,,,,,2874,77.0,90.0,1.028,1.036
90,2020-04-22,Singapore,,,,,,2947,73.0,86.0,1.025,1.033
91,2020-04-23,Singapore,,,,,,3014,67.0,82.0,1.023,1.031
92,2020-04-24,Singapore,,,,,,3075,61.0,77.0,1.02,1.028
93,2020-04-25,Singapore,,,,,,3132,57.0,72.0,1.019,1.025
94,2020-04-26,Singapore,,,,,,3184,52.0,67.0,1.017,1.023
95,2020-04-27,Singapore,,,,,,3231,47.0,62.0,1.015,1.021
96,2020-04-28,Singapore,,,,,,3274,43.0,57.0,1.013,1.019
97,2020-04-29,Singapore,,,,,,3313,39.0,52.0,1.012,1.017
98,2020-04-30,Singapore,,,,,,3347,34.0,48.0,1.01,1.015
99,2020-05-01,Singapore,,,,,,3378,31.0,43.0,1.009,1.014
100,2020-05-02,Singapore,,,,,,3406,28.0,39.0,1.008,1.012
101,2020-05-03,Singapore,,,,,,3431,25.0,35.0,1.007,1.011
102,2020-05-04,Singapore,,,,,,3453,22.0,32.0,1.006,1.009
103,2020-05-05,Singapore,,,,,,3472,19.0,28.0,1.006,1.008
104,2020-05-06,Singapore,,,,,,3490,18.0,25.0,1.005,1.007
105,2020-05-07,Singapore,,,,,,3505,15.0,23.0,1.004,1.006
106,2020-05-08,Singapore,,,,,,3518,13.0,20.0,1.004,1.006
107,2020-05-09,Singapore,,,,,,3530,12.0,18.0,1.003,1.005
108,2020-05-10,Singapore,,,,,,3541,11.0,16.0,1.003,1.004
109,2020-05-11,Singapore,,,,,,3550,9.0,14.0,1.003,1.004
110,2020-05-12,Singapore,,,,,,3558,8.0,12.0,1.002,1.003
111,2020-05-13,Singapore,,,,,,3565,7.0,11.0,1.002,1.003
112,2020-05-14,Singapore,,,,,,3571,6.0,9.0,1.002,1.003
113,2020-05-15,Singapore,,,,,,3577,6.0,8.0,1.002,1.002
114,2020-05-16,Singapore,,,,,,3582,5.0,7.0,1.001,1.002
115,2020-05-17,Singapore,,,,,,3586,4.0,6.0,1.001,1.002
116,2020-05-18,Singapore,,,,,,3590,4.0,6.0,1.001,1.002
117,2020-05-19,Singapore,,,,,,3593,3.0,5.0,1.001,1.001
118,2020-05-20,Singapore,,,,,,3596,3.0,4.0,1.001,1.001
119,2020-05-21,Singapore,,,,,,3598,2.0,4.0,1.001,1.001
120,2020-05-22,Singapore,,,,,,3600,2.0,3.0,1.001,1.001
121,2020-05-23,Singapore,,,,,,3602,2.0,3.0,1.001,1.001
122,2020-05-24,Singapore,,,,,,3604,2.0,3.0,1.001,1.001
123,2020-05-25,Singapore,,,,,,3605,1.0,2.0,1.0,1.001
124,2020-05-26,Singapore,,,,,,3607,2.0,2.0,1.001,1.001
125,2020-05-27,Singapore,,,,,,3608,1.0,2.0,1.0,1.001
126,2020-05-28,Singapore,,,,,,3609,1.0,2.0,1.0,1.001
127,2020-05-29,Singapore,,,,,,3610,1.0,1.0,1.0,1.0
128,2020-05-30,Singapore,,,,,,3610,0.0,1.0,1.0,1.0
129,2020-05-31,Singapore,,,,,,3611,1.0,1.0,1.0,1.0
130,2020-06-01,Singapore,,,,,,3611,0.0,1.0,1.0,1.0
131,2020-06-02,Singapore,,,,,,3612,1.0,1.0,1.0,1.0
132,2020-06-03,Singapore,,,,,,3612,0.0,1.0,1.0,1.0
133,2020-06-04,Singapore,,,,,,3613,1.0,1.0,1.0,1.0
134,2020-06-05,Singapore,,,,,,3613,0.0,0.0,1.0,1.0
135,2020-06-06,Singapore,,,,,,3613,0.0,0.0,1.0,1.0
136,2020-06-07,Singapore,,,,,,3614,1.0,0.0,1.0,1.0
137,2020-06-08,Singapore,,,,,,3614,0.0,0.0,1.0,1.0
138,2020-06-09,Singapore,,,,,,3614,0.0,0.0,1.0,1.0
139,2020-06-10,Singapore,,,,,,3614,0.0,0.0,1.0,1.0
140,2020-06-11,Singapore,,,,,,3614,0.0,0.0,1.0,1.0
141,2020-06-12,Singapore,,,,,,3615,1.0,0.0,1.0,1.0
142,2020-06-13,Singapore,,,,,,3615,0.0,0.0,1.0,1.0
143,2020-06-14,Singapore,,,,,,3615,0.0,0.0,1.0,1.0
144,2020-06-15,Singapore,,,,,,3615,0.0,0.0,1.0,1.0
145,2020-06-16,Singapore,,,,,,3615,0.0,0.0,1.0,1.0
146,2020-06-17,Singapore,,,,,,3615,0.0,0.0,1.0,1.0
147,2020-06-18,Singapore,,,,,,3615,0.0,0.0,1.0,1.0
148,2020-06-19,Singapore,,,,,,3615,0.0,0.0,1.0,1.0
149,2020-06-20,Singapore,,,,,,3615,0.0,0.0,1.0,1.0
150,2020-06-21,Singapore,,,,,,3615,0.0,0.0,1.0,1.0
151,2020-06-22,Singapore,,,,,,3615,0.0,0.0,1.0,1.0
152,2020-06-23,Singapore,,,,,,3615,0.0,0.0,1.0,1.0
153,2020-06-24,Singapore,,,,,,3615,0.0,0.0,1.0,1.0
154,2020-06-25,Singapore,,,,,,3615,0.0,0.0,1.0,1.0
155,2020-06-26,Singapore,,,,,,3615,0.0,0.0,1.0,1.0
156,2020-06-27,Singapore,,,,,,3615,0.0,0.0,1.0,1.0
157,2020-06-28,Singapore,,,,,,3615,0.0,0.0,1.0,1.0
158,2020-06-29,Singapore,,,,,,3615,0.0,0.0,1.0,1.0
159,2020-06-30,Singapore,,,,,,3615,0.0,0.0,1.0,1.0
160,2020-07-01,Singapore,,,,,,3615,0.0,0.0,1.0,1.0
161,2020-07-02,Singapore,,,,,,3615,0.0,0.0,1.0,1.0
162,2020-07-03,Singapore,,,,,,3615,0.0,0.0,1.0,1.0
163,2020-07-04,Singapore,,,,,,3615,0.0,0.0,1.0,1.0
164,2020-07-05,Singapore,,,,,,3615,0.0,0.0,1.0,1.0
165,2020-07-06,Singapore,,,,,,3615,0.0,0.0,1.0,1.0
166,2020-07-07,Singapore,,,,,,3615,0.0,0.0,1.0,1.0
167,2020-07-08,Singapore,,,,,,3615,0.0,0.0,1.0,1.0
168,2020-07-09,Singapore,,,,,,3615,0.0,0.0,1.0,1.0
169,2020-07-10,Singapore,,,,,,3615,0.0,0.0,1.0,1.0
170,2020-07-11,Singapore,,,,,,3615,0.0,0.0,1.0,1.0
171,2020-07-12,Singapore,,,,,,3615,0.0,0.0,1.0,1.0
172,2020-07-13,Singapore,,,,,,3615,0.0,0.0,1.0,1.0
173,2020-07-14,Singapore,,,,,,3615,0.0,0.0,1.0,1.0
174,2020-07-15,Singapore,,,,,,3615,0.0,0.0,1.0,1.0
175,2020-07-16,Singapore,,,,,,3615,0.0,0.0,1.0,1.0
176,2020-07-17,Singapore,,,,,,3615,0.0,0.0,1.0,1.0
177,2020-07-18,Singapore,,,,,,3615,0.0,0.0,1.0,1.0
