,date,country,confirmed,new_confirmed,new_conf_avg_7,growth,growth_avg_7,predict,new_predict,new_pred_avg_7,p_growth,p_gr_avg_7
0,2020-02-01,Spain,1.0,1.0,,0.0,1.0,239,,,1.0,
1,2020-02-02,Spain,1.0,0.0,,1.0,1.0,239,0.0,,1.0,
2,2020-02-03,Spain,1.0,0.0,,1.0,1.0,239,0.0,,1.0,
3,2020-02-04,Spain,1.0,0.0,,1.0,1.0,239,0.0,,1.0,
4,2020-02-05,Spain,1.0,0.0,,1.0,1.0,239,0.0,,1.0,
5,2020-02-06,Spain,1.0,0.0,,1.0,1.0,239,0.0,,1.0,
6,2020-02-07,Spain,1.0,0.0,0.0,1.0,1.0,239,0.0,,1.0,1.0
7,2020-02-08,Spain,1.0,0.0,0.0,1.0,1.0,239,0.0,0.0,1.0,1.0
8,2020-02-09,Spain,2.0,1.0,0.0,2.0,1.143,239,0.0,0.0,1.0,1.0
9,2020-02-10,Spain,2.0,0.0,0.0,1.0,1.143,239,0.0,0.0,1.0,1.0
10,2020-02-11,Spain,2.0,0.0,0.0,1.0,1.143,239,0.0,0.0,1.0,1.0
11,2020-02-12,Spain,2.0,0.0,0.0,1.0,1.143,239,0.0,0.0,1.0,1.0
12,2020-02-13,Spain,2.0,0.0,0.0,1.0,1.143,239,0.0,0.0,1.0,1.0
13,2020-02-14,Spain,2.0,0.0,0.0,1.0,1.143,239,0.0,0.0,1.0,1.0
14,2020-02-15,Spain,2.0,0.0,0.0,1.0,1.143,239,0.0,0.0,1.0,1.0
15,2020-02-16,Spain,2.0,0.0,0.0,1.0,1.0,239,0.0,0.0,1.0,1.0
16,2020-02-17,Spain,2.0,0.0,0.0,1.0,1.0,239,0.0,0.0,1.0,1.0
17,2020-02-18,Spain,2.0,0.0,0.0,1.0,1.0,239,0.0,0.0,1.0,1.0
18,2020-02-19,Spain,2.0,0.0,0.0,1.0,1.0,239,0.0,0.0,1.0,1.0
19,2020-02-20,Spain,2.0,0.0,0.0,1.0,1.0,239,0.0,0.0,1.0,1.0
20,2020-02-21,Spain,2.0,0.0,0.0,1.0,1.0,239,0.0,0.0,1.0,1.0
21,2020-02-22,Spain,2.0,0.0,0.0,1.0,1.0,239,0.0,0.0,1.0,1.0
22,2020-02-23,Spain,2.0,0.0,0.0,1.0,1.0,239,0.0,0.0,1.0,1.0
23,2020-02-24,Spain,4.0,2.0,0.0,2.0,1.143,239,0.0,0.0,1.0,1.0
24,2020-02-25,Spain,6.0,2.0,1.0,1.5,1.214,239,0.0,1.0,1.0,1.0
25,2020-02-26,Spain,13.0,7.0,2.0,2.167,1.381,239,0.0,2.0,1.0,1.0
26,2020-02-27,Spain,15.0,2.0,2.0,1.1540000000000001,1.403,239,0.0,2.0,1.0,1.0
27,2020-02-28,Spain,32.0,17.0,4.0,2.133,1.565,239,0.0,4.0,1.0,1.0
28,2020-02-29,Spain,45.0,13.0,6.0,1.406,1.6230000000000002,239,0.0,6.0,1.0,1.0
29,2020-03-01,Spain,84.0,39.0,12.0,1.867,1.7469999999999999,240,1.0,12.0,1.004,1.001
30,2020-03-02,Spain,120.0,36.0,17.0,1.429,1.665,242,2.0,17.0,1.008,1.002
31,2020-03-03,Spain,165.0,45.0,23.0,1.375,1.6469999999999998,247,5.0,23.0,1.021,1.005
32,2020-03-04,Spain,222.0,57.0,30.0,1.345,1.53,255,8.0,30.0,1.032,1.009
33,2020-03-05,Spain,259.0,37.0,35.0,1.167,1.5319999999999998,271,16.0,35.0,1.063,1.018
34,2020-03-06,Spain,400.0,141.0,53.0,1.544,1.4480000000000002,301,30.0,53.0,1.111,1.034
35,2020-03-07,Spain,500.0,100.0,65.0,1.25,1.425,354,53.0,65.0,1.176,1.059
36,2020-03-08,Spain,673.0,173.0,84.0,1.3459999999999999,1.351,442,88.0,84.0,1.249,1.094
37,2020-03-09,Spain,1073.0,400.0,136.0,1.594,1.374,585,143.0,136.0,1.324,1.139
38,2020-03-10,Spain,1695.0,622.0,219.0,1.58,1.4040000000000001,810,225.0,219.0,1.385,1.191
39,2020-03-11,Spain,2277.0,582.0,294.0,1.3430000000000002,1.403,1149,339.0,294.0,1.419,1.247
40,2020-03-12,Spain,3754.0,1477.0,499.0,1.649,1.472,1645,496.0,499.0,1.432,1.299
41,2020-03-13,Spain,5232.0,1478.0,690.0,1.3940000000000001,1.4509999999999998,2346,701.0,690.0,1.426,1.344
42,2020-03-14,Spain,6391.0,1159.0,842.0,1.222,1.4469999999999998,3307,961.0,842.0,1.41,1.378
43,2020-03-15,Spain,7798.0,1407.0,1018.0,1.22,1.429,4589,1282.0,1018.0,1.388,1.398
44,2020-03-16,Spain,9942.0,2144.0,1267.0,1.275,1.383,6249,1660.0,1267.0,1.362,1.403
45,2020-03-17,Spain,11748.0,1806.0,1436.0,1.182,1.3259999999999998,8345,2096.0,1436.0,1.335,1.396
46,2020-03-18,Spain,13910.0,2162.0,1662.0,1.1840000000000002,1.304,10927,2582.0,1662.0,1.309,1.38
47,2020-03-19,Spain,17963.0,4053.0,2030.0,1.291,1.253,14035,3108.0,2030.0,1.284,1.359
48,2020-03-20,Spain,20410.0,2447.0,2168.0,1.136,1.216,17697,3662.0,2168.0,1.261,1.336
49,2020-03-21,Spain,25374.0,4964.0,2712.0,1.2429999999999999,1.219,21926,4229.0,2712.0,1.239,1.311
50,2020-03-22,Spain,28768.0,3394.0,2996.0,1.1340000000000001,1.206,26718,4792.0,2996.0,1.219,1.287
51,2020-03-23,Spain,35136.0,6368.0,3599.0,1.2209999999999999,1.199,32053,5335.0,3599.0,1.2,1.264
52,2020-03-24,Spain,39885.0,4749.0,4020.0,1.135,1.192,37898,5845.0,4020.0,1.182,1.242
53,2020-03-25,Spain,49515.0,9630.0,5086.0,1.2409999999999999,1.2,44206,6308.0,5086.0,1.166,1.222
54,2020-03-26,Spain,57786.0,8271.0,5689.0,1.167,1.182,50919,6713.0,5689.0,1.152,1.203
55,2020-03-27,Spain,65719.0,7933.0,6473.0,1.137,1.183,57971,7052.0,6473.0,1.138,1.185
56,2020-03-28,Spain,73235.0,7516.0,6837.0,1.114,1.1640000000000001,65291,7320.0,6837.0,1.126,1.169
57,2020-03-29,Spain,80110.0,6875.0,7335.0,1.094,1.158,72806,7515.0,7335.0,1.115,1.154
58,2020-03-30,Spain,87956.0,7846.0,7546.0,1.0979999999999999,1.141,80443,7637.0,7546.0,1.105,1.141
59,2020-03-31,Spain,95923.0,7967.0,8005.0,1.091,1.135,88133,7690.0,8005.0,1.096,1.128
60,2020-04-01,Spain,104118.0,8195.0,7800.0,1.085,1.112,95810,7677.0,7800.0,1.087,1.117
61,2020-04-02,Spain,112065.0,7947.0,7754.0,1.0759999999999998,1.099,103412,7602.0,7754.0,1.079,1.107
62,2020-04-03,Spain,119199.0,7134.0,7640.0,1.064,1.089,110888,7476.0,7640.0,1.072,1.097
63,2020-04-04,Spain,126168.0,6969.0,7562.0,1.058,1.081,118189,7301.0,7562.0,1.066,1.089
64,2020-04-05,Spain,131646.0,5478.0,7362.0,1.043,1.074,125277,7088.0,7362.0,1.06,1.081
65,2020-04-06,Spain,136675.0,5029.0,6960.0,1.038,1.065,132119,6842.0,6960.0,1.055,1.074
66,2020-04-07,Spain,141942.0,5267.0,6574.0,1.0390000000000001,1.058,138690,6571.0,6574.0,1.05,1.067
67,2020-04-08,Spain,148220.0,6278.0,6300.0,1.044,1.052,144973,6283.0,6300.0,1.045,1.061
68,2020-04-09,Spain,153222.0,5002.0,5880.0,1.034,1.046,150952,5979.0,5880.0,1.041,1.056
69,2020-04-10,Spain,158273.0,5051.0,5582.0,1.033,1.041,156622,5670.0,5582.0,1.038,1.051
70,2020-04-11,Spain,163027.0,4754.0,5266.0,1.03,1.037,161979,5357.0,5266.0,1.034,1.046
71,2020-04-12,Spain,166831.0,3804.0,5026.0,1.023,1.034,167023,5044.0,5026.0,1.031,1.042
72,2020-04-13,Spain,170099.0,3268.0,4775.0,1.02,1.032,171758,4735.0,4775.0,1.028,1.038
73,2020-04-14,Spain,172541.0,2442.0,4371.0,1.014,1.028,176192,4434.0,4371.0,1.026,1.035
74,2020-04-15,Spain,177644.0,5103.0,4203.0,1.03,1.026,180333,4141.0,4203.0,1.024,1.032
75,2020-04-16,Spain,181504.0,3860.0,4040.0,1.022,1.025,184192,3859.0,4040.0,1.021,1.029
76,2020-04-17,Spain,185904.0,4400.0,3947.0,1.024,1.023,187780,3588.0,3947.0,1.019,1.026
77,2020-04-18,Spain,188578.0,2674.0,3650.0,1.014,1.021,191111,3331.0,3650.0,1.018,1.024
78,2020-04-19,Spain,190008.0,1430.0,3311.0,1.008,1.0190000000000001,194197,3086.0,3311.0,1.016,1.022
79,2020-04-20,Spain,191163.0,1155.0,3009.0,1.006,1.0170000000000001,197051,2854.0,3009.0,1.015,1.02
80,2020-04-21,Spain,194515.0,3352.0,3139.0,1.018,1.0170000000000001,199688,2637.0,3139.0,1.013,1.018
81,2020-04-22,Spain,197142.0,2627.0,2785.0,1.014,1.015,202121,2433.0,2785.0,1.012,1.016
82,2020-04-23,Spain,200194.0,3052.0,2670.0,1.015,1.014,204363,2242.0,2670.0,1.011,1.015
83,2020-04-24,Spain,202961.0,2767.0,2437.0,1.014,1.013,206427,2064.0,2437.0,1.01,1.014
84,2020-04-25,Spain,205905.0,2944.0,2475.0,1.015,1.013,208324,1897.0,2475.0,1.009,1.012
85,2020-04-26,Spain,207634.0,1729.0,2518.0,1.008,1.013,210067,1743.0,2518.0,1.008,1.011
86,2020-04-27,Spain,209465.0,1831.0,2615.0,1.0090000000000001,1.013,211667,1600.0,2615.0,1.008,1.01
87,2020-04-28,Spain,210773.0,1308.0,2323.0,1.006,1.012,213135,1468.0,2323.0,1.007,1.009
88,2020-04-29,Spain,212917.0,2144.0,2254.0,1.01,1.011,214480,1345.0,2254.0,1.006,1.008
89,2020-04-30,Spain,213435.0,518.0,1892.0,1.002,1.0090000000000001,215713,1233.0,1892.0,1.006,1.008
90,2020-05-01,Spain,215008.0,1573.0,1721.0,1.0070000000000001,1.008,216841,1128.0,1721.0,1.005,1.007
91,2020-05-02,Spain,216582.0,1574.0,1525.0,1.0070000000000001,1.0070000000000001,217874,1033.0,1525.0,1.005,1.006
92,2020-05-03,Spain,217466.0,884.0,1405.0,1.004,1.006,218818,944.0,1405.0,1.004,1.006
93,2020-05-04,Spain,218011.0,545.0,1221.0,1.003,1.006,219682,864.0,1221.0,1.004,1.005
94,2020-05-05,Spain,219329.0,1318.0,1222.0,1.006,1.006,220471,789.0,1222.0,1.004,1.005
95,2020-05-06,Spain,220325.0,996.0,1058.0,1.005,1.005,221192,721.0,1058.0,1.003,1.004
96,2020-05-07,Spain,221447.0,1122.0,1145.0,1.005,1.005,221850,658.0,1145.0,1.003,1.004
97,2020-05-08,Spain,222857.0,1410.0,1121.0,1.006,1.005,222451,601.0,1121.0,1.003,1.004
98,2020-05-09,Spain,223578.0,721.0,999.0,1.003,1.005,223000,549.0,999.0,1.002,1.003
99,2020-05-10,Spain,224350.0,772.0,983.0,1.003,1.004,223501,501.0,983.0,1.002,1.003
100,2020-05-11,Spain,227436.0,3086.0,1346.0,1.014,1.006,223958,457.0,1346.0,1.002,1.003
101,2020-05-12,Spain,228030.0,594.0,1243.0,1.003,1.006,224374,416.0,1243.0,1.002,1.002
102,2020-05-13,Spain,228691.0,661.0,1195.0,1.003,1.005,224754,380.0,1195.0,1.002,1.002
103,2020-05-14,Spain,229540.0,849.0,1156.0,1.004,1.005,225101,347.0,1156.0,1.002,1.002
104,2020-05-15,Spain,230158.0,618.0,1043.0,1.003,1.005,225417,316.0,1043.0,1.001,1.002
105,2020-05-16,Spain,230698.0,540.0,1017.0,1.002,1.005,225705,288.0,1017.0,1.001,1.002
106,2020-05-17,Spain,231148.0,450.0,971.0,1.002,1.004,225967,262.0,971.0,1.001,1.002
107,2020-05-18,Spain,231606.0,458.0,596.0,1.002,1.003,226206,239.0,596.0,1.001,1.001
108,2020-05-19,Spain,232081.0,475.0,579.0,1.002,1.003,226424,218.0,579.0,1.001,1.001
109,2020-05-20,Spain,232555.0,474.0,552.0,1.002,1.002,226623,199.0,552.0,1.001,1.001
110,2020-05-21,Spain,233615.0,1060.0,582.0,1.005,1.003,226804,181.0,582.0,1.001,1.001
111,2020-05-22,Spain,234824.0,1209.0,667.0,1.005,1.003,226969,165.0,667.0,1.001,1.001
112,2020-05-23,Spain,235299.0,475.0,657.0,1.002,1.003,227119,150.0,657.0,1.001,1.001
113,2020-05-24,Spain,235772.0,473.0,661.0,1.002,1.003,227256,137.0,661.0,1.001,1.001
114,2020-05-25,Spain,,,,,,227380,124.0,-604.0,1.001,1.001
115,2020-05-26,Spain,,,,,,227494,114.0,-655.0,1.001,1.001
116,2020-05-27,Spain,,,,,,227597,103.0,-708.0,1.0,1.001
117,2020-05-28,Spain,,,,,,227691,94.0,-846.0,1.0,1.001
118,2020-05-29,Spain,,,,,,227777,86.0,-1007.0,1.0,1.001
119,2020-05-30,Spain,,,,,,227855,78.0,-1063.0,1.0,1.0
120,2020-05-31,Spain,,,,,,227926,71.0,-1121.0,1.0,1.0
121,2020-06-01,Spain,,,,,,227991,65.0,87.0,1.0,1.0
122,2020-06-02,Spain,,,,,,228050,59.0,79.0,1.0,1.0
123,2020-06-03,Spain,,,,,,228103,53.0,72.0,1.0,1.0
124,2020-06-04,Spain,,,,,,228152,49.0,66.0,1.0,1.0
125,2020-06-05,Spain,,,,,,228197,45.0,60.0,1.0,1.0
126,2020-06-06,Spain,,,,,,228237,40.0,55.0,1.0,1.0
127,2020-06-07,Spain,,,,,,228274,37.0,50.0,1.0,1.0
128,2020-06-08,Spain,,,,,,228308,34.0,45.0,1.0,1.0
129,2020-06-09,Spain,,,,,,228338,30.0,41.0,1.0,1.0
130,2020-06-10,Spain,,,,,,228366,28.0,38.0,1.0,1.0
131,2020-06-11,Spain,,,,,,228391,25.0,34.0,1.0,1.0
132,2020-06-12,Spain,,,,,,228414,23.0,31.0,1.0,1.0
133,2020-06-13,Spain,,,,,,228435,21.0,28.0,1.0,1.0
134,2020-06-14,Spain,,,,,,228455,20.0,26.0,1.0,1.0
135,2020-06-15,Spain,,,,,,228472,17.0,23.0,1.0,1.0
136,2020-06-16,Spain,,,,,,228488,16.0,21.0,1.0,1.0
137,2020-06-17,Spain,,,,,,228502,14.0,19.0,1.0,1.0
138,2020-06-18,Spain,,,,,,228515,13.0,18.0,1.0,1.0
139,2020-06-19,Spain,,,,,,228527,12.0,16.0,1.0,1.0
140,2020-06-20,Spain,,,,,,228538,11.0,15.0,1.0,1.0
141,2020-06-21,Spain,,,,,,228548,10.0,13.0,1.0,1.0
142,2020-06-22,Spain,,,,,,228557,9.0,12.0,1.0,1.0
143,2020-06-23,Spain,,,,,,228565,8.0,11.0,1.0,1.0
144,2020-06-24,Spain,,,,,,228573,8.0,10.0,1.0,1.0
145,2020-06-25,Spain,,,,,,228580,7.0,9.0,1.0,1.0
146,2020-06-26,Spain,,,,,,228586,6.0,8.0,1.0,1.0
147,2020-06-27,Spain,,,,,,228591,5.0,8.0,1.0,1.0
148,2020-06-28,Spain,,,,,,228597,6.0,7.0,1.0,1.0
149,2020-06-29,Spain,,,,,,228601,4.0,6.0,1.0,1.0
150,2020-06-30,Spain,,,,,,228605,4.0,6.0,1.0,1.0
151,2020-07-01,Spain,,,,,,228609,4.0,5.0,1.0,1.0
152,2020-07-02,Spain,,,,,,228613,4.0,5.0,1.0,1.0
153,2020-07-03,Spain,,,,,,228616,3.0,4.0,1.0,1.0
154,2020-07-04,Spain,,,,,,228619,3.0,4.0,1.0,1.0
155,2020-07-05,Spain,,,,,,228622,3.0,4.0,1.0,1.0
156,2020-07-06,Spain,,,,,,228624,2.0,3.0,1.0,1.0
157,2020-07-07,Spain,,,,,,228626,2.0,3.0,1.0,1.0
