,date,country,confirmed,new_confirmed,new_conf_avg_7,growth,growth_avg_7,predict,new_predict,new_pred_avg_7,p_growth,p_gr_avg_7
0,2020-02-01,Spain,1.0,1.0,,0.0,1.0,205,,,1.0,
1,2020-02-02,Spain,1.0,0.0,,1.0,1.0,205,0.0,,1.0,
2,2020-02-03,Spain,1.0,0.0,,1.0,1.0,205,0.0,,1.0,
3,2020-02-04,Spain,1.0,0.0,,1.0,1.0,205,0.0,,1.0,
4,2020-02-05,Spain,1.0,0.0,,1.0,1.0,205,0.0,,1.0,
5,2020-02-06,Spain,1.0,0.0,,1.0,1.0,205,0.0,,1.0,
6,2020-02-07,Spain,1.0,0.0,0.0,1.0,1.0,205,0.0,,1.0,1.0
7,2020-02-08,Spain,1.0,0.0,0.0,1.0,1.0,205,0.0,0.0,1.0,1.0
8,2020-02-09,Spain,2.0,1.0,0.0,2.0,1.143,205,0.0,0.0,1.0,1.0
9,2020-02-10,Spain,2.0,0.0,0.0,1.0,1.143,205,0.0,0.0,1.0,1.0
10,2020-02-11,Spain,2.0,0.0,0.0,1.0,1.143,205,0.0,0.0,1.0,1.0
11,2020-02-12,Spain,2.0,0.0,0.0,1.0,1.143,205,0.0,0.0,1.0,1.0
12,2020-02-13,Spain,2.0,0.0,0.0,1.0,1.143,205,0.0,0.0,1.0,1.0
13,2020-02-14,Spain,2.0,0.0,0.0,1.0,1.143,205,0.0,0.0,1.0,1.0
14,2020-02-15,Spain,2.0,0.0,0.0,1.0,1.143,205,0.0,0.0,1.0,1.0
15,2020-02-16,Spain,2.0,0.0,0.0,1.0,1.0,205,0.0,0.0,1.0,1.0
16,2020-02-17,Spain,2.0,0.0,0.0,1.0,1.0,205,0.0,0.0,1.0,1.0
17,2020-02-18,Spain,2.0,0.0,0.0,1.0,1.0,205,0.0,0.0,1.0,1.0
18,2020-02-19,Spain,2.0,0.0,0.0,1.0,1.0,205,0.0,0.0,1.0,1.0
19,2020-02-20,Spain,2.0,0.0,0.0,1.0,1.0,205,0.0,0.0,1.0,1.0
20,2020-02-21,Spain,2.0,0.0,0.0,1.0,1.0,205,0.0,0.0,1.0,1.0
21,2020-02-22,Spain,2.0,0.0,0.0,1.0,1.0,205,0.0,0.0,1.0,1.0
22,2020-02-23,Spain,2.0,0.0,0.0,1.0,1.0,205,0.0,0.0,1.0,1.0
23,2020-02-24,Spain,4.0,2.0,0.0,2.0,1.143,205,0.0,0.0,1.0,1.0
24,2020-02-25,Spain,6.0,2.0,1.0,1.5,1.214,206,1.0,1.0,1.005,1.001
25,2020-02-26,Spain,13.0,7.0,2.0,2.167,1.381,206,0.0,2.0,1.0,1.001
26,2020-02-27,Spain,15.0,2.0,2.0,1.1540000000000001,1.403,206,0.0,2.0,1.0,1.001
27,2020-02-28,Spain,32.0,17.0,4.0,2.133,1.565,207,1.0,4.0,1.005,1.001
28,2020-02-29,Spain,45.0,13.0,6.0,1.406,1.6230000000000002,208,1.0,6.0,1.005,1.002
29,2020-03-01,Spain,84.0,39.0,12.0,1.867,1.7469999999999999,211,3.0,12.0,1.014,1.004
30,2020-03-02,Spain,120.0,36.0,17.0,1.429,1.665,216,5.0,17.0,1.024,1.008
31,2020-03-03,Spain,165.0,45.0,23.0,1.375,1.6469999999999998,227,11.0,23.0,1.051,1.014
32,2020-03-04,Spain,222.0,57.0,30.0,1.345,1.53,246,19.0,30.0,1.084,1.026
33,2020-03-05,Spain,259.0,37.0,35.0,1.167,1.5319999999999998,280,34.0,35.0,1.138,1.046
34,2020-03-06,Spain,400.0,141.0,53.0,1.544,1.4480000000000002,339,59.0,53.0,1.211,1.075
35,2020-03-07,Spain,500.0,100.0,65.0,1.25,1.425,435,96.0,65.0,1.283,1.115
36,2020-03-08,Spain,673.0,173.0,84.0,1.3459999999999999,1.351,588,153.0,84.0,1.352,1.163
37,2020-03-09,Spain,1073.0,400.0,136.0,1.594,1.374,824,236.0,136.0,1.401,1.217
38,2020-03-10,Spain,1695.0,622.0,219.0,1.58,1.4040000000000001,1176,352.0,219.0,1.427,1.271
39,2020-03-11,Spain,2277.0,582.0,294.0,1.3430000000000002,1.403,1685,509.0,294.0,1.433,1.321
40,2020-03-12,Spain,3754.0,1477.0,499.0,1.649,1.472,2399,714.0,499.0,1.424,1.362
41,2020-03-13,Spain,5232.0,1478.0,690.0,1.3940000000000001,1.4509999999999998,3372,973.0,690.0,1.406,1.389
42,2020-03-14,Spain,6391.0,1159.0,842.0,1.222,1.4469999999999998,4660,1288.0,842.0,1.382,1.404
43,2020-03-15,Spain,7798.0,1407.0,1018.0,1.22,1.429,6323,1663.0,1018.0,1.357,1.404
44,2020-03-16,Spain,9942.0,2144.0,1267.0,1.275,1.383,8416,2093.0,1267.0,1.331,1.394
45,2020-03-17,Spain,11748.0,1806.0,1436.0,1.182,1.3259999999999998,10988,2572.0,1436.0,1.306,1.377
46,2020-03-18,Spain,13910.0,2162.0,1662.0,1.1840000000000002,1.304,14078,3090.0,1662.0,1.281,1.355
47,2020-03-19,Spain,17963.0,4053.0,2030.0,1.291,1.253,17713,3635.0,2030.0,1.258,1.332
48,2020-03-20,Spain,20410.0,2447.0,2168.0,1.136,1.216,21905,4192.0,2168.0,1.237,1.307
49,2020-03-21,Spain,25374.0,4964.0,2712.0,1.2429999999999999,1.219,26651,4746.0,2712.0,1.217,1.284
50,2020-03-22,Spain,28768.0,3394.0,2996.0,1.1340000000000001,1.206,31932,5281.0,2996.0,1.198,1.261
51,2020-03-23,Spain,35136.0,6368.0,3599.0,1.2209999999999999,1.199,37713,5781.0,3599.0,1.181,1.24
52,2020-03-24,Spain,39885.0,4749.0,4020.0,1.135,1.192,43947,6234.0,4020.0,1.165,1.22
53,2020-03-25,Spain,49515.0,9630.0,5086.0,1.2409999999999999,1.2,50576,6629.0,5086.0,1.151,1.201
54,2020-03-26,Spain,57786.0,8271.0,5689.0,1.167,1.182,57535,6959.0,5689.0,1.138,1.184
55,2020-03-27,Spain,65719.0,7933.0,6473.0,1.137,1.183,64753,7218.0,6473.0,1.125,1.168
56,2020-03-28,Spain,73235.0,7516.0,6837.0,1.114,1.1640000000000001,72156,7403.0,6837.0,1.114,1.153
57,2020-03-29,Spain,80595.0,7360.0,7404.0,1.1,1.159,79674,7518.0,7404.0,1.104,1.14
58,2020-03-30,Spain,88016.0,7421.0,7554.0,1.092,1.141,87235,7561.0,7554.0,1.095,1.127
59,2020-03-31,Spain,96037.0,8021.0,8022.0,1.091,1.135,94774,7539.0,8022.0,1.086,1.116
60,2020-04-01,Spain,103994.0,7957.0,7783.0,1.083,1.112,102231,7457.0,7783.0,1.079,1.106
61,2020-04-02,Spain,111658.0,7664.0,7696.0,1.074,1.099,109555,7324.0,7696.0,1.072,1.096
62,2020-04-03,Spain,119116.0,7458.0,7628.0,1.067,1.089,116697,7142.0,7628.0,1.065,1.088
63,2020-04-04,Spain,125422.0,6306.0,7455.0,1.053,1.08,123622,6925.0,7455.0,1.059,1.08
64,2020-04-05,Spain,131421.0,5999.0,7261.0,1.048,1.073,130296,6674.0,7261.0,1.054,1.073
65,2020-04-06,Spain,136794.0,5373.0,6968.0,1.041,1.065,136696,6400.0,6968.0,1.049,1.066
66,2020-04-07,Spain,142447.0,5653.0,6630.0,1.041,1.058,142805,6109.0,6630.0,1.045,1.06
67,2020-04-08,Spain,147582.0,5135.0,6227.0,1.036,1.051,148609,5804.0,6227.0,1.041,1.055
68,2020-04-09,Spain,153246.0,5664.0,5941.0,1.038,1.046,154104,5495.0,5941.0,1.037,1.05
69,2020-04-10,Spain,158124.0,4878.0,5573.0,1.032,1.041,159286,5182.0,5573.0,1.034,1.046
70,2020-04-11,Spain,162552.0,4428.0,5304.0,1.028,1.038,164157,4871.0,5304.0,1.031,1.042
71,2020-04-12,Spain,166563.0,4011.0,5020.0,1.025,1.034,168722,4565.0,5020.0,1.028,1.038
72,2020-04-13,Spain,169686.0,3123.0,4699.0,1.0190000000000001,1.031,172989,4267.0,4699.0,1.025,1.034
73,2020-04-14,Spain,173871.0,4185.0,4489.0,1.025,1.0290000000000001,176966,3977.0,4489.0,1.023,1.031
74,2020-04-15,Spain,178744.0,4873.0,4452.0,1.028,1.028,180666,3700.0,4452.0,1.021,1.028
75,2020-04-16,Spain,184241.0,5497.0,4428.0,1.031,1.0270000000000001,184100,3434.0,4428.0,1.019,1.026
76,2020-04-17,Spain,188337.0,4096.0,4316.0,1.022,1.025,187282,3182.0,4316.0,1.017,1.023
77,2020-04-18,Spain,194756.0,6419.0,4601.0,1.034,1.026,190224,2942.0,4601.0,1.016,1.021
78,2020-04-19,Spain,195968.0,1212.0,4201.0,1.006,1.024,192941,2717.0,4201.0,1.014,1.019
79,2020-04-20,Spain,200210.0,4242.0,4361.0,1.022,1.024,195447,2506.0,4361.0,1.013,1.018
80,2020-04-21,Spain,,,,,,197753,2306.0,3412.0,1.012,1.016
81,2020-04-22,Spain,,,,,,199875,2122.0,3019.0,1.011,1.015
82,2020-04-23,Spain,,,,,,201825,1950.0,2512.0,1.01,1.013
83,2020-04-24,Spain,,,,,,203614,1789.0,2182.0,1.009,1.012
84,2020-04-25,Spain,,,,,,205255,1641.0,1500.0,1.008,1.011
85,2020-04-26,Spain,,,,,,206759,1504.0,1542.0,1.007,1.01
86,2020-04-27,Spain,,,,,,208135,1376.0,1132.0,1.007,1.009
87,2020-04-28,Spain,,,,,,209395,1260.0,1663.0,1.006,1.008
88,2020-04-29,Spain,,,,,,210547,1152.0,1525.0,1.006,1.008
89,2020-04-30,Spain,,,,,,211600,1053.0,1396.0,1.005,1.007
90,2020-05-01,Spain,,,,,,212561,961.0,1278.0,1.005,1.006
91,2020-05-02,Spain,,,,,,213439,878.0,1169.0,1.004,1.006
92,2020-05-03,Spain,,,,,,214241,802.0,1069.0,1.004,1.005
93,2020-05-04,Spain,,,,,,214972,731.0,977.0,1.003,1.005
94,2020-05-05,Spain,,,,,,215639,667.0,892.0,1.003,1.004
95,2020-05-06,Spain,,,,,,216246,607.0,814.0,1.003,1.004
96,2020-05-07,Spain,,,,,,216800,554.0,743.0,1.003,1.004
97,2020-05-08,Spain,,,,,,217305,505.0,678.0,1.002,1.003
98,2020-05-09,Spain,,,,,,217765,460.0,618.0,1.002,1.003
99,2020-05-10,Spain,,,,,,218184,419.0,563.0,1.002,1.003
100,2020-05-11,Spain,,,,,,218565,381.0,513.0,1.002,1.002
101,2020-05-12,Spain,,,,,,218913,348.0,468.0,1.002,1.002
102,2020-05-13,Spain,,,,,,219229,316.0,426.0,1.001,1.002
103,2020-05-14,Spain,,,,,,219516,287.0,388.0,1.001,1.002
104,2020-05-15,Spain,,,,,,219778,262.0,353.0,1.001,1.002
105,2020-05-16,Spain,,,,,,220017,239.0,322.0,1.001,1.001
106,2020-05-17,Spain,,,,,,220233,216.0,293.0,1.001,1.001
107,2020-05-18,Spain,,,,,,220430,197.0,266.0,1.001,1.001
108,2020-05-19,Spain,,,,,,220610,180.0,242.0,1.001,1.001
109,2020-05-20,Spain,,,,,,220773,163.0,221.0,1.001,1.001
110,2020-05-21,Spain,,,,,,220921,148.0,201.0,1.001,1.001
111,2020-05-22,Spain,,,,,,221056,135.0,183.0,1.001,1.001
112,2020-05-23,Spain,,,,,,221179,123.0,166.0,1.001,1.001
113,2020-05-24,Spain,,,,,,221291,112.0,151.0,1.001,1.001
114,2020-05-25,Spain,,,,,,221392,101.0,137.0,1.0,1.001
115,2020-05-26,Spain,,,,,,221485,93.0,125.0,1.0,1.001
116,2020-05-27,Spain,,,,,,221568,83.0,114.0,1.0,1.001
117,2020-05-28,Spain,,,,,,221645,77.0,103.0,1.0,1.0
118,2020-05-29,Spain,,,,,,221714,69.0,94.0,1.0,1.0
119,2020-05-30,Spain,,,,,,221777,63.0,85.0,1.0,1.0
120,2020-05-31,Spain,,,,,,221834,57.0,78.0,1.0,1.0
121,2020-06-01,Spain,,,,,,221887,53.0,71.0,1.0,1.0
122,2020-06-02,Spain,,,,,,221934,47.0,64.0,1.0,1.0
123,2020-06-03,Spain,,,,,,221977,43.0,58.0,1.0,1.0
124,2020-06-04,Spain,,,,,,222016,39.0,53.0,1.0,1.0
125,2020-06-05,Spain,,,,,,222052,36.0,48.0,1.0,1.0
126,2020-06-06,Spain,,,,,,222084,32.0,44.0,1.0,1.0
127,2020-06-07,Spain,,,,,,222113,29.0,40.0,1.0,1.0
128,2020-06-08,Spain,,,,,,222140,27.0,36.0,1.0,1.0
129,2020-06-09,Spain,,,,,,222164,24.0,33.0,1.0,1.0
130,2020-06-10,Spain,,,,,,222186,22.0,30.0,1.0,1.0
131,2020-06-11,Spain,,,,,,222207,21.0,27.0,1.0,1.0
132,2020-06-12,Spain,,,,,,222225,18.0,25.0,1.0,1.0
133,2020-06-13,Spain,,,,,,222241,16.0,22.0,1.0,1.0
134,2020-06-14,Spain,,,,,,222256,15.0,20.0,1.0,1.0
135,2020-06-15,Spain,,,,,,222270,14.0,19.0,1.0,1.0
136,2020-06-16,Spain,,,,,,222283,13.0,17.0,1.0,1.0
137,2020-06-17,Spain,,,,,,222294,11.0,15.0,1.0,1.0
138,2020-06-18,Spain,,,,,,222304,10.0,14.0,1.0,1.0
139,2020-06-19,Spain,,,,,,222313,9.0,13.0,1.0,1.0
140,2020-06-20,Spain,,,,,,222322,9.0,12.0,1.0,1.0
141,2020-06-21,Spain,,,,,,222330,8.0,11.0,1.0,1.0
142,2020-06-22,Spain,,,,,,222337,7.0,10.0,1.0,1.0
143,2020-06-23,Spain,,,,,,222343,6.0,9.0,1.0,1.0
144,2020-06-24,Spain,,,,,,222349,6.0,8.0,1.0,1.0
145,2020-06-25,Spain,,,,,,222354,5.0,7.0,1.0,1.0
146,2020-06-26,Spain,,,,,,222359,5.0,7.0,1.0,1.0
147,2020-06-27,Spain,,,,,,222363,4.0,6.0,1.0,1.0
148,2020-06-28,Spain,,,,,,222367,4.0,5.0,1.0,1.0
149,2020-06-29,Spain,,,,,,222371,4.0,5.0,1.0,1.0
150,2020-06-30,Spain,,,,,,222374,3.0,4.0,1.0,1.0
151,2020-07-01,Spain,,,,,,222377,3.0,4.0,1.0,1.0
152,2020-07-02,Spain,,,,,,222380,3.0,4.0,1.0,1.0
153,2020-07-03,Spain,,,,,,222382,2.0,3.0,1.0,1.0
154,2020-07-04,Spain,,,,,,222384,2.0,3.0,1.0,1.0
155,2020-07-05,Spain,,,,,,222386,2.0,3.0,1.0,1.0
156,2020-07-06,Spain,,,,,,222388,2.0,2.0,1.0,1.0
157,2020-07-07,Spain,,,,,,222390,2.0,2.0,1.0,1.0
