,date,country,confirmed,new_confirmed,new_conf_avg_7,growth,growth_avg_7,predict,new_predict,new_pred_avg_7,p_growth,p_gr_avg_7
0,2020-01-28,Germany,4.0,4.0,,0.0,1.0,140,,,1.0,
1,2020-01-29,Germany,4.0,0.0,,1.0,1.0,140,0.0,,1.0,
2,2020-01-30,Germany,4.0,0.0,,1.0,1.0,140,0.0,,1.0,
3,2020-01-31,Germany,5.0,1.0,,1.25,1.0,140,0.0,,1.0,
4,2020-02-01,Germany,8.0,8.0,,1.6,1.0,140,0.0,,1.0,
5,2020-02-02,Germany,10.0,2.0,,1.25,1.014,140,0.0,,1.0,
6,2020-02-03,Germany,12.0,2.0,2.0,1.2,1.043,140,0.0,,1.0,1.0
7,2020-02-04,Germany,12.0,0.0,2.0,1.0,1.186,140,0.0,1.0,1.0,1.0
8,2020-02-05,Germany,12.0,0.0,2.0,1.0,1.186,140,0.0,1.0,1.0,1.0
9,2020-02-06,Germany,12.0,0.0,2.0,1.0,1.186,140,0.0,1.0,1.0,1.0
10,2020-02-07,Germany,13.0,1.0,2.0,1.083,1.162,140,0.0,1.0,1.0,1.0
11,2020-02-08,Germany,13.0,0.0,1.0,1.0,1.0759999999999998,140,0.0,1.0,1.0,1.0
12,2020-02-09,Germany,14.0,1.0,1.0,1.077,1.051,140,0.0,1.0,1.0,1.0
13,2020-02-10,Germany,15.0,1.0,0.0,1.071,1.033,140,0.0,0.0,1.0,1.0
14,2020-02-11,Germany,16.0,1.0,1.0,1.067,1.043,140,0.0,1.0,1.0,1.0
15,2020-02-12,Germany,16.0,0.0,1.0,1.0,1.043,140,0.0,1.0,1.0,1.0
16,2020-02-13,Germany,16.0,0.0,1.0,1.0,1.043,140,0.0,1.0,1.0,1.0
17,2020-02-14,Germany,16.0,0.0,0.0,1.0,1.031,140,0.0,0.0,1.0,1.0
18,2020-02-15,Germany,16.0,0.0,0.0,1.0,1.031,140,0.0,0.0,1.0,1.0
19,2020-02-16,Germany,16.0,0.0,0.0,1.0,1.02,140,0.0,0.0,1.0,1.0
20,2020-02-17,Germany,16.0,0.0,0.0,1.0,1.01,140,0.0,0.0,1.0,1.0
21,2020-02-18,Germany,16.0,0.0,0.0,1.0,1.0,140,0.0,0.0,1.0,1.0
22,2020-02-19,Germany,16.0,0.0,0.0,1.0,1.0,140,0.0,0.0,1.0,1.0
23,2020-02-20,Germany,16.0,0.0,0.0,1.0,1.0,140,0.0,0.0,1.0,1.0
24,2020-02-21,Germany,16.0,0.0,0.0,1.0,1.0,140,0.0,0.0,1.0,1.0
25,2020-02-22,Germany,16.0,0.0,0.0,1.0,1.0,140,0.0,0.0,1.0,1.0
26,2020-02-23,Germany,16.0,0.0,0.0,1.0,1.0,140,0.0,0.0,1.0,1.0
27,2020-02-24,Germany,16.0,0.0,0.0,1.0,1.0,140,0.0,0.0,1.0,1.0
28,2020-02-25,Germany,17.0,1.0,0.0,1.062,1.0090000000000001,140,0.0,0.0,1.0,1.0
29,2020-02-26,Germany,27.0,10.0,2.0,1.588,1.093,140,0.0,2.0,1.0,1.0
30,2020-02-27,Germany,46.0,19.0,4.0,1.704,1.193,140,0.0,4.0,1.0,1.0
31,2020-02-28,Germany,62.0,16.0,7.0,1.348,1.2429999999999999,140,0.0,7.0,1.0,1.0
32,2020-02-29,Germany,79.0,17.0,9.0,1.274,1.2819999999999998,141,1.0,9.0,1.007,1.001
33,2020-03-01,Germany,130.0,51.0,16.0,1.646,1.375,142,1.0,16.0,1.007,1.002
34,2020-03-02,Germany,159.0,29.0,20.0,1.2229999999999999,1.406,145,3.0,20.0,1.021,1.005
35,2020-03-03,Germany,196.0,37.0,26.0,1.2329999999999999,1.431,151,6.0,26.0,1.041,1.011
36,2020-03-04,Germany,262.0,66.0,34.0,1.337,1.395,163,12.0,34.0,1.079,1.022
37,2020-03-05,Germany,482.0,220.0,62.0,1.84,1.4140000000000001,183,20.0,62.0,1.123,1.04
38,2020-03-06,Germany,670.0,188.0,87.0,1.39,1.42,219,36.0,87.0,1.197,1.068
39,2020-03-07,Germany,799.0,129.0,103.0,1.193,1.409,279,60.0,103.0,1.274,1.106
40,2020-03-08,Germany,1040.0,241.0,130.0,1.3019999999999998,1.36,376,97.0,130.0,1.348,1.155
41,2020-03-09,Germany,1176.0,136.0,145.0,1.131,1.347,526,150.0,145.0,1.399,1.209
42,2020-03-10,Germany,1457.0,281.0,180.0,1.239,1.347,752,226.0,180.0,1.43,1.264
43,2020-03-11,Germany,1908.0,451.0,235.0,1.31,1.344,1080,328.0,235.0,1.436,1.315
44,2020-03-12,Germany,2078.0,170.0,228.0,1.089,1.236,1542,462.0,228.0,1.428,1.359
45,2020-03-13,Germany,3675.0,1597.0,429.0,1.7690000000000001,1.29,2173,631.0,429.0,1.409,1.389
46,2020-03-14,Germany,4585.0,910.0,541.0,1.248,1.298,3013,840.0,541.0,1.387,1.405
47,2020-03-15,Germany,5795.0,1210.0,679.0,1.264,1.2930000000000001,4100,1087.0,679.0,1.361,1.407
48,2020-03-16,Germany,7272.0,1477.0,871.0,1.255,1.311,5472,1372.0,871.0,1.335,1.398
49,2020-03-17,Germany,9257.0,1985.0,1114.0,1.273,1.315,7166,1694.0,1114.0,1.31,1.381
50,2020-03-18,Germany,12327.0,3070.0,1488.0,1.3319999999999999,1.319,9211,2045.0,1488.0,1.285,1.359
51,2020-03-19,Germany,15320.0,2993.0,1892.0,1.2429999999999999,1.341,11628,2417.0,1892.0,1.262,1.336
52,2020-03-20,Germany,19848.0,4528.0,2310.0,1.296,1.273,14433,2805.0,2310.0,1.241,1.312
53,2020-03-21,Germany,22213.0,2365.0,2518.0,1.119,1.255,17628,3195.0,2518.0,1.221,1.288
54,2020-03-22,Germany,24873.0,2660.0,2725.0,1.12,1.234,21209,3581.0,2725.0,1.203,1.265
55,2020-03-23,Germany,29056.0,4183.0,3112.0,1.168,1.222,25160,3951.0,3112.0,1.186,1.244
56,2020-03-24,Germany,32986.0,3930.0,3390.0,1.135,1.202,29456,4296.0,3390.0,1.171,1.224
57,2020-03-25,Germany,37323.0,4337.0,3571.0,1.131,1.173,34066,4610.0,3571.0,1.157,1.206
58,2020-03-26,Germany,43938.0,6615.0,4088.0,1.177,1.1640000000000001,38950,4884.0,4088.0,1.143,1.189
59,2020-03-27,Germany,50871.0,6933.0,4432.0,1.158,1.1440000000000001,44067,5117.0,4432.0,1.131,1.173
60,2020-03-28,Germany,57695.0,6824.0,5069.0,1.1340000000000001,1.146,49370,5303.0,5069.0,1.12,1.159
61,2020-03-29,Germany,62095.0,4400.0,5317.0,1.0759999999999998,1.14,54813,5443.0,5317.0,1.11,1.145
62,2020-03-30,Germany,66885.0,4790.0,5404.0,1.077,1.127,60347,5534.0,5404.0,1.101,1.133
63,2020-03-31,Germany,71808.0,4923.0,5546.0,1.074,1.1179999999999999,65927,5580.0,5546.0,1.092,1.122
64,2020-04-01,Germany,77872.0,6064.0,5793.0,1.084,1.111,71510,5583.0,5793.0,1.085,1.112
65,2020-04-02,Germany,84794.0,6922.0,5837.0,1.089,1.099,77057,5547.0,5837.0,1.078,1.102
66,2020-04-03,Germany,91159.0,6365.0,5755.0,1.075,1.087,82530,5473.0,5755.0,1.071,1.094
67,2020-04-04,Germany,96092.0,4933.0,5485.0,1.054,1.0759999999999998,87898,5368.0,5485.0,1.065,1.086
68,2020-04-05,Germany,100123.0,4031.0,5433.0,1.042,1.071,93134,5236.0,5433.0,1.06,1.079
69,2020-04-06,Germany,103374.0,3251.0,5213.0,1.032,1.064,98214,5080.0,5213.0,1.055,1.072
70,2020-04-07,Germany,107663.0,4289.0,5122.0,1.041,1.06,103120,4906.0,5122.0,1.05,1.066
71,2020-04-08,Germany,113296.0,5633.0,5061.0,1.052,1.055,107838,4718.0,5061.0,1.046,1.061
72,2020-04-09,Germany,118181.0,4885.0,4770.0,1.043,1.048,112355,4517.0,4770.0,1.042,1.056
73,2020-04-10,Germany,122171.0,3990.0,4430.0,1.034,1.043,116665,4310.0,4430.0,1.038,1.051
74,2020-04-11,Germany,124908.0,2737.0,4117.0,1.022,1.038,120763,4098.0,4117.0,1.035,1.047
75,2020-04-12,Germany,127854.0,2946.0,3962.0,1.024,1.035,124648,3885.0,3962.0,1.032,1.043
76,2020-04-13,Germany,130072.0,2218.0,3814.0,1.0170000000000001,1.033,128320,3672.0,3814.0,1.029,1.039
77,2020-04-14,Germany,131359.0,1287.0,3385.0,1.01,1.0290000000000001,131782,3462.0,3385.0,1.027,1.036
78,2020-04-15,Germany,134753.0,3394.0,3065.0,1.026,1.025,135037,3255.0,3065.0,1.025,1.033
79,2020-04-16,Germany,137698.0,2945.0,2788.0,1.022,1.022,138092,3055.0,2788.0,1.023,1.03
80,2020-04-17,Germany,141397.0,3699.0,2747.0,1.0270000000000001,1.021,140952,2860.0,2747.0,1.021,1.027
81,2020-04-18,Germany,143342.0,1945.0,2633.0,1.014,1.02,143626,2674.0,2633.0,1.019,1.025
82,2020-04-19,Germany,145184.0,1842.0,2476.0,1.013,1.018,146121,2495.0,2476.0,1.017,1.023
83,2020-04-20,Germany,147065.0,1881.0,2428.0,1.013,1.018,148446,2325.0,2428.0,1.016,1.021
84,2020-04-21,Germany,148291.0,1226.0,2419.0,1.008,1.018,150608,2162.0,2419.0,1.015,1.019
85,2020-04-22,Germany,150648.0,2357.0,2271.0,1.016,1.016,152617,2009.0,2271.0,1.013,1.018
86,2020-04-23,Germany,153129.0,2481.0,2204.0,1.016,1.015,154482,1865.0,2204.0,1.012,1.016
87,2020-04-24,Germany,154999.0,1870.0,1943.0,1.012,1.013,156210,1728.0,1943.0,1.011,1.015
88,2020-04-25,Germany,156513.0,1514.0,1882.0,1.01,1.013,157810,1600.0,1882.0,1.01,1.013
89,2020-04-26,Germany,157770.0,1257.0,1798.0,1.008,1.012,159291,1481.0,1798.0,1.009,1.012
90,2020-04-27,Germany,158758.0,988.0,1670.0,1.006,1.011,160659,1368.0,1670.0,1.009,1.011
91,2020-04-28,Germany,159912.0,1154.0,1660.0,1.0070000000000001,1.011,161923,1264.0,1660.0,1.008,1.01
92,2020-04-29,Germany,161539.0,1627.0,1556.0,1.01,1.01,163089,1166.0,1556.0,1.007,1.009
93,2020-04-30,Germany,163009.0,1470.0,1411.0,1.0090000000000001,1.0090000000000001,164165,1076.0,1411.0,1.007,1.009
94,2020-05-01,Germany,164077.0,1068.0,1297.0,1.0070000000000001,1.008,165157,992.0,1297.0,1.006,1.008
95,2020-05-02,Germany,164967.0,890.0,1208.0,1.005,1.0070000000000001,166071,914.0,1208.0,1.006,1.007
96,2020-05-03,Germany,165664.0,697.0,1128.0,1.004,1.0070000000000001,166912,841.0,1128.0,1.005,1.007
97,2020-05-04,Germany,166152.0,488.0,1056.0,1.003,1.006,167687,775.0,1056.0,1.005,1.006
98,2020-05-05,Germany,167007.0,855.0,1014.0,1.005,1.006,168399,712.0,1014.0,1.004,1.006
99,2020-05-06,Germany,168162.0,1155.0,946.0,1.0070000000000001,1.006,169055,656.0,946.0,1.004,1.005
100,2020-05-07,Germany,169430.0,1268.0,917.0,1.008,1.006,169657,602.0,917.0,1.004,1.005
101,2020-05-08,Germany,170588.0,1158.0,930.0,1.0070000000000001,1.006,170210,553.0,930.0,1.003,1.004
102,2020-05-09,Germany,171324.0,736.0,908.0,1.004,1.005,170719,509.0,908.0,1.003,1.004
103,2020-05-10,Germany,171879.0,555.0,888.0,1.003,1.005,171186,467.0,888.0,1.003,1.004
104,2020-05-11,Germany,172576.0,697.0,918.0,1.004,1.005,171615,429.0,918.0,1.003,1.003
105,2020-05-12,Germany,173171.0,595.0,881.0,1.003,1.005,172009,394.0,881.0,1.002,1.003
106,2020-05-13,Germany,174098.0,927.0,848.0,1.005,1.005,172370,361.0,848.0,1.002,1.003
107,2020-05-14,Germany,174478.0,380.0,721.0,1.002,1.004,172702,332.0,721.0,1.002,1.003
108,2020-05-15,Germany,,,,,,173006,304.0,345.0,1.002,1.002
109,2020-05-16,Germany,,,,,,173286,280.0,280.0,1.002,1.002
110,2020-05-17,Germany,,,,,,173542,256.0,238.0,1.001,1.002
111,2020-05-18,Germany,,,,,,173777,235.0,172.0,1.001,1.002
112,2020-05-19,Germany,,,,,,173992,215.0,117.0,1.001,1.002
113,2020-05-20,Germany,,,,,,174189,197.0,13.0,1.001,1.001
114,2020-05-21,Germany,,,,,,174370,181.0,-15.0,1.001,1.001
115,2020-05-22,Germany,,,,,,174536,166.0,219.0,1.001,1.001
116,2020-05-23,Germany,,,,,,174689,153.0,200.0,1.001,1.001
117,2020-05-24,Germany,,,,,,174828,139.0,184.0,1.001,1.001
118,2020-05-25,Germany,,,,,,174956,128.0,168.0,1.001,1.001
119,2020-05-26,Germany,,,,,,175073,117.0,154.0,1.001,1.001
120,2020-05-27,Germany,,,,,,175180,107.0,142.0,1.001,1.001
121,2020-05-28,Germany,,,,,,175279,99.0,130.0,1.001,1.001
122,2020-05-29,Germany,,,,,,175369,90.0,119.0,1.001,1.001
123,2020-05-30,Germany,,,,,,175451,82.0,109.0,1.0,1.001
124,2020-05-31,Germany,,,,,,175527,76.0,100.0,1.0,1.001
125,2020-06-01,Germany,,,,,,175596,69.0,91.0,1.0,1.001
126,2020-06-02,Germany,,,,,,175660,64.0,84.0,1.0,1.0
127,2020-06-03,Germany,,,,,,175718,58.0,77.0,1.0,1.0
128,2020-06-04,Germany,,,,,,175771,53.0,70.0,1.0,1.0
129,2020-06-05,Germany,,,,,,175820,49.0,64.0,1.0,1.0
130,2020-06-06,Germany,,,,,,175865,45.0,59.0,1.0,1.0
131,2020-06-07,Germany,,,,,,175905,40.0,54.0,1.0,1.0
132,2020-06-08,Germany,,,,,,175943,38.0,50.0,1.0,1.0
133,2020-06-09,Germany,,,,,,175977,34.0,45.0,1.0,1.0
134,2020-06-10,Germany,,,,,,176009,32.0,42.0,1.0,1.0
135,2020-06-11,Germany,,,,,,176038,29.0,38.0,1.0,1.0
136,2020-06-12,Germany,,,,,,176064,26.0,35.0,1.0,1.0
137,2020-06-13,Germany,,,,,,176088,24.0,32.0,1.0,1.0
138,2020-06-14,Germany,,,,,,176110,22.0,29.0,1.0,1.0
139,2020-06-15,Germany,,,,,,176131,21.0,27.0,1.0,1.0
140,2020-06-16,Germany,,,,,,176149,18.0,25.0,1.0,1.0
141,2020-06-17,Germany,,,,,,176166,17.0,22.0,1.0,1.0
142,2020-06-18,Germany,,,,,,176182,16.0,21.0,1.0,1.0
143,2020-06-19,Germany,,,,,,176196,14.0,19.0,1.0,1.0
144,2020-06-20,Germany,,,,,,176209,13.0,17.0,1.0,1.0
145,2020-06-21,Germany,,,,,,176221,12.0,16.0,1.0,1.0
146,2020-06-22,Germany,,,,,,176232,11.0,14.0,1.0,1.0
147,2020-06-23,Germany,,,,,,176242,10.0,13.0,1.0,1.0
148,2020-06-24,Germany,,,,,,176251,9.0,12.0,1.0,1.0
149,2020-06-25,Germany,,,,,,176260,9.0,11.0,1.0,1.0
150,2020-06-26,Germany,,,,,,176267,7.0,10.0,1.0,1.0
151,2020-06-27,Germany,,,,,,176274,7.0,9.0,1.0,1.0
152,2020-06-28,Germany,,,,,,176281,7.0,9.0,1.0,1.0
153,2020-06-29,Germany,,,,,,176287,6.0,8.0,1.0,1.0
154,2020-06-30,Germany,,,,,,176292,5.0,7.0,1.0,1.0
155,2020-07-01,Germany,,,,,,176297,5.0,7.0,1.0,1.0
156,2020-07-02,Germany,,,,,,176302,5.0,6.0,1.0,1.0
157,2020-07-03,Germany,,,,,,176306,4.0,6.0,1.0,1.0
158,2020-07-04,Germany,,,,,,176310,4.0,5.0,1.0,1.0
159,2020-07-05,Germany,,,,,,176313,3.0,5.0,1.0,1.0
160,2020-07-06,Germany,,,,,,176316,3.0,4.0,1.0,1.0
161,2020-07-07,Germany,,,,,,176319,3.0,4.0,1.0,1.0
162,2020-07-08,Germany,,,,,,176322,3.0,4.0,1.0,1.0
163,2020-07-09,Germany,,,,,,176325,3.0,3.0,1.0,1.0
164,2020-07-10,Germany,,,,,,176327,2.0,3.0,1.0,1.0
165,2020-07-11,Germany,,,,,,176329,2.0,3.0,1.0,1.0
166,2020-07-12,Germany,,,,,,176331,2.0,3.0,1.0,1.0
167,2020-07-13,Germany,,,,,,176332,1.0,2.0,1.0,1.0
168,2020-07-14,Germany,,,,,,176334,2.0,2.0,1.0,1.0
169,2020-07-15,Germany,,,,,,176335,1.0,2.0,1.0,1.0
170,2020-07-16,Germany,,,,,,176337,2.0,2.0,1.0,1.0
171,2020-07-17,Germany,,,,,,176338,1.0,2.0,1.0,1.0
172,2020-07-18,Germany,,,,,,176339,1.0,1.0,1.0,1.0
173,2020-07-19,Germany,,,,,,176340,1.0,1.0,1.0,1.0
174,2020-07-20,Germany,,,,,,176341,1.0,1.0,1.0,1.0
175,2020-07-21,Germany,,,,,,176342,1.0,1.0,1.0,1.0
176,2020-07-22,Germany,,,,,,176343,1.0,1.0,1.0,1.0
177,2020-07-23,Germany,,,,,,176343,0.0,1.0,1.0,1.0
178,2020-07-24,Germany,,,,,,176344,1.0,1.0,1.0,1.0
179,2020-07-25,Germany,,,,,,176345,1.0,1.0,1.0,1.0
180,2020-07-26,Germany,,,,,,176345,0.0,1.0,1.0,1.0
181,2020-07-27,Germany,,,,,,176346,1.0,1.0,1.0,1.0
182,2020-07-28,Germany,,,,,,176346,0.0,1.0,1.0,1.0
183,2020-07-29,Germany,,,,,,176347,1.0,1.0,1.0,1.0
184,2020-07-30,Germany,,,,,,176347,0.0,1.0,1.0,1.0
185,2020-07-31,Germany,,,,,,176347,0.0,0.0,1.0,1.0
186,2020-08-01,Germany,,,,,,176348,1.0,0.0,1.0,1.0
187,2020-08-02,Germany,,,,,,176348,0.0,0.0,1.0,1.0
188,2020-08-03,Germany,,,,,,176348,0.0,0.0,1.0,1.0
189,2020-08-04,Germany,,,,,,176349,1.0,0.0,1.0,1.0
190,2020-08-05,Germany,,,,,,176349,0.0,0.0,1.0,1.0
191,2020-08-06,Germany,,,,,,176349,0.0,0.0,1.0,1.0
192,2020-08-07,Germany,,,,,,176349,0.0,0.0,1.0,1.0
193,2020-08-08,Germany,,,,,,176349,0.0,0.0,1.0,1.0
194,2020-08-09,Germany,,,,,,176349,0.0,0.0,1.0,1.0
195,2020-08-10,Germany,,,,,,176350,1.0,0.0,1.0,1.0
196,2020-08-11,Germany,,,,,,176350,0.0,0.0,1.0,1.0
197,2020-08-12,Germany,,,,,,176350,0.0,0.0,1.0,1.0
