,date,country,confirmed,new_confirmed,new_conf_avg_7,growth,growth_avg_7,predict,new_predict,new_pred_avg_7,p_growth,p_gr_avg_7
0,2019-12-31,China,27.0,27.0,,0.0,,0,,,1.0,
1,2020-01-01,China,27.0,0.0,,1.0,,0,0.0,,0.0,
2,2020-01-02,China,34.0,7.0,,1.2590000000000001,,0,0.0,,0.0,
3,2020-01-03,China,41.0,7.0,,1.206,,0,0.0,,0.0,
4,2020-01-04,China,41.0,0.0,,1.0,,0,0.0,,0.0,
5,2020-01-05,China,41.0,0.0,,1.0,,0,0.0,,0.0,
6,2020-01-06,China,41.0,0.0,6.0,1.0,1.0,0,0.0,,0.0,1.0
7,2020-01-07,China,41.0,0.0,2.0,1.0,1.0659999999999998,0,0.0,2.0,0.0,1.0
8,2020-01-08,China,41.0,0.0,2.0,1.0,1.0659999999999998,0,0.0,2.0,0.0,1.0
9,2020-01-09,China,42.0,1.0,1.0,1.024,1.033,0,0.0,1.0,0.0,1.0
10,2020-01-10,China,42.0,0.0,0.0,1.0,1.003,0,0.0,0.0,0.0,1.0
11,2020-01-11,China,44.0,2.0,0.0,1.048,1.01,0,0.0,0.0,0.0,1.0
12,2020-01-12,China,44.0,0.0,0.0,1.0,1.01,0,0.0,0.0,0.0,1.0
13,2020-01-13,China,44.0,0.0,0.0,1.0,1.01,0,0.0,0.0,0.0,1.0
14,2020-01-14,China,44.0,0.0,0.0,1.0,1.01,0,0.0,0.0,0.0,1.0
15,2020-01-15,China,44.0,0.0,0.0,1.0,1.01,55,55.0,0.0,0.0,1.0
16,2020-01-16,China,53.0,9.0,2.0,1.205,1.036,169,114.0,2.0,3.073,1.0
17,2020-01-17,China,62.0,9.0,3.0,1.17,1.06,310,141.0,3.0,1.834,1.0
18,2020-01-18,China,121.0,59.0,11.0,1.952,1.19,485,175.0,11.0,1.565,1.0
19,2020-01-19,China,198.0,77.0,22.0,1.636,1.28,701,216.0,22.0,1.445,1.131
20,2020-01-20,China,291.0,93.0,35.0,1.47,1.348,966,265.0,35.0,1.378,1.328
21,2020-01-21,China,440.0,149.0,57.0,1.5119999999999998,1.421,1294,328.0,57.0,1.34,1.519
22,2020-01-22,China,545.0,105.0,72.0,1.239,1.455,1696,402.0,72.0,1.311,1.707
23,2020-01-23,China,695.0,150.0,92.0,1.275,1.465,2190,494.0,92.0,1.291,1.452
24,2020-01-24,China,919.0,224.0,122.0,1.3219999999999998,1.4869999999999999,2795,605.0,122.0,1.276,1.372
25,2020-01-25,China,1414.0,495.0,185.0,1.5390000000000001,1.4280000000000002,3533,738.0,185.0,1.264,1.329
26,2020-01-26,China,2067.0,653.0,267.0,1.462,1.403,4431,898.0,267.0,1.254,1.302
27,2020-01-27,China,2863.0,796.0,367.0,1.385,1.391,5517,1086.0,367.0,1.245,1.283
28,2020-01-28,China,5496.0,2633.0,722.0,1.92,1.449,6825,1308.0,722.0,1.237,1.268
29,2020-01-29,China,6785.0,1289.0,891.0,1.235,1.4480000000000002,8389,1564.0,891.0,1.229,1.257
30,2020-01-30,China,8139.0,1354.0,1063.0,1.2,1.4380000000000002,10245,1856.0,1063.0,1.221,1.247
31,2020-01-31,China,9789.0,1650.0,1267.0,1.203,1.421,12425,2180.0,1267.0,1.213,1.238
32,2020-02-01,China,11876.0,2087.0,1495.0,1.213,1.374,14959,2534.0,1495.0,1.204,1.229
33,2020-02-02,China,16617.0,4741.0,2079.0,1.399,1.365,17864,2905.0,2079.0,1.194,1.22
34,2020-02-03,China,19716.0,3099.0,2408.0,1.186,1.337,21144,3280.0,2408.0,1.184,1.212
35,2020-02-04,China,23687.0,3971.0,2599.0,1.2009999999999998,1.234,24785,3641.0,2599.0,1.172,1.202
36,2020-02-05,China,27413.0,3726.0,2947.0,1.157,1.2229999999999999,28749,3964.0,2947.0,1.16,1.193
37,2020-02-06,China,30558.0,3145.0,3203.0,1.115,1.2109999999999999,32974,4225.0,3203.0,1.147,1.182
38,2020-02-07,China,34031.0,3473.0,3463.0,1.114,1.198,37378,4404.0,3463.0,1.134,1.171
39,2020-02-08,China,36938.0,2907.0,3580.0,1.085,1.18,41860,4482.0,3580.0,1.12,1.159
40,2020-02-09,China,39540.0,2602.0,3275.0,1.07,1.133,46314,4454.0,3275.0,1.106,1.146
41,2020-02-10,China,42051.0,2511.0,3191.0,1.064,1.115,50633,4319.0,3191.0,1.093,1.133
42,2020-02-11,China,43504.0,1453.0,2831.0,1.035,1.091,54726,4093.0,2831.0,1.081,1.12
43,2020-02-12,China,52075.0,8571.0,3523.0,1.197,1.097,58519,3793.0,3523.0,1.069,1.107
44,2020-02-13,China,59808.0,7733.0,4179.0,1.148,1.102,61961,3442.0,4179.0,1.059,1.095
45,2020-02-14,China,66260.0,6452.0,4604.0,1.1079999999999999,1.101,65027,3066.0,4604.0,1.049,1.082
46,2020-02-15,China,68364.0,2104.0,4489.0,1.032,1.093,67712,2685.0,4489.0,1.041,1.071
47,2020-02-16,China,70347.0,1983.0,4401.0,1.0290000000000001,1.088,70028,2316.0,4401.0,1.034,1.061
48,2020-02-17,China,72286.0,1939.0,4319.0,1.028,1.082,72002,1974.0,4319.0,1.028,1.052
49,2020-02-18,China,73446.0,1160.0,4277.0,1.016,1.08,73665,1663.0,4277.0,1.023,1.043
50,2020-02-19,China,74562.0,1116.0,3212.0,1.015,1.054,75054,1389.0,3212.0,1.019,1.036
51,2020-02-20,China,75003.0,441.0,2171.0,1.006,1.033,76204,1150.0,2171.0,1.015,1.03
52,2020-02-21,China,76059.0,1056.0,1400.0,1.014,1.02,77152,948.0,1400.0,1.012,1.025
53,2020-02-22,China,76199.0,140.0,1119.0,1.002,1.016,77927,775.0,1119.0,1.01,1.02
54,2020-02-23,China,77033.0,834.0,955.0,1.011,1.013,78560,633.0,955.0,1.008,1.016
55,2020-02-24,China,77295.0,262.0,716.0,1.003,1.01,79073,513.0,716.0,1.007,1.013
56,2020-02-25,China,77606.0,311.0,594.0,1.004,1.008,79490,417.0,594.0,1.005,1.011
57,2020-02-26,China,78076.0,470.0,502.0,1.006,1.0070000000000001,79826,336.0,502.0,1.004,1.009
58,2020-02-27,China,78440.0,364.0,491.0,1.005,1.006,80098,272.0,491.0,1.003,1.007
59,2020-02-28,China,78871.0,431.0,402.0,1.005,1.005,80316,218.0,402.0,1.003,1.006
60,2020-02-29,China,79322.0,451.0,446.0,1.006,1.006,80492,176.0,446.0,1.002,1.005
61,2020-03-01,China,79636.0,314.0,372.0,1.004,1.005,80634,142.0,372.0,1.002,1.004
62,2020-03-02,China,79986.0,350.0,384.0,1.004,1.005,80747,113.0,384.0,1.001,1.003
63,2020-03-03,China,80146.0,160.0,363.0,1.002,1.005,80839,92.0,363.0,1.001,1.002
64,2020-03-04,China,80283.0,137.0,315.0,1.002,1.004,80912,73.0,315.0,1.001,1.002
65,2020-03-05,China,80418.0,135.0,283.0,1.002,1.004,80970,58.0,283.0,1.001,1.002
66,2020-03-06,China,80544.0,126.0,239.0,1.002,1.003,81017,47.0,239.0,1.001,1.001
67,2020-03-07,China,80635.0,91.0,188.0,1.001,1.002,81055,38.0,188.0,1.0,1.001
68,2020-03-08,China,80693.0,58.0,151.0,1.001,1.002,81085,30.0,151.0,1.0,1.001
69,2020-03-09,China,80726.0,33.0,106.0,1.0,1.001,81109,24.0,106.0,1.0,1.001
70,2020-03-10,China,80695.0,-31.0,78.0,1.0,1.001,81129,20.0,78.0,1.0,1.0
71,2020-03-11,China,80900.0,-80.0,47.0,1.003,1.001,81144,15.0,88.0,1.0,1.0
72,2020-03-12,China,80919.0,177.0,53.0,1.0,1.001,81157,13.0,72.0,1.0,1.0
73,2020-03-13,China,80809.0,17.0,38.0,0.9990000000000001,1.001,81167,10.0,38.0,1.0,1.0
74,2020-03-14,China,80824.0,15.0,27.0,1.0,1.0,81175,8.0,27.0,1.0,1.0
75,2020-03-15,China,80846.0,22.0,22.0,1.0,1.0,81181,6.0,22.0,1.0,1.0
76,2020-03-16,China,80862.0,16.0,19.0,1.0,1.0,81186,5.0,19.0,1.0,1.0
77,2020-03-17,China,80883.0,21.0,27.0,1.0,1.0,81190,4.0,27.0,1.0,1.0
78,2020-03-18,China,80904.0,21.0,41.0,1.0,1.0,81194,4.0,1.0,1.0,1.0
79,2020-03-19,China,80937.0,33.0,21.0,1.0,1.0,81196,2.0,3.0,1.0,1.0
80,2020-03-20,China,80969.0,32.0,23.0,1.0,1.0,81198,2.0,23.0,1.0,1.0
81,2020-03-21,China,81015.0,46.0,27.0,1.001,1.0,81200,2.0,27.0,1.0,1.0
82,2020-03-22,China,81061.0,46.0,31.0,1.001,1.0,81201,1.0,31.0,1.0,1.0
83,2020-03-23,China,81115.0,54.0,36.0,1.001,1.0,81202,1.0,36.0,1.0,1.0
84,2020-03-24,China,81164.0,49.0,40.0,1.001,1.001,81203,1.0,40.0,1.0,1.0
85,2020-03-25,China,81236.0,72.0,47.0,1.001,1.001,81204,1.0,47.0,1.0,1.0
86,2020-03-26,China,81282.0,46.0,49.0,1.001,1.001,81205,1.0,49.0,1.0,1.0
87,2020-03-27,China,81346.0,64.0,54.0,1.001,1.001,81205,0.0,54.0,1.0,1.0
88,2020-03-28,China,81389.0,43.0,53.0,1.001,1.001,81205,0.0,53.0,1.0,1.0
89,2020-03-29,China,81434.0,45.0,53.0,1.001,1.001,81206,1.0,53.0,1.0,1.0
90,2020-03-30,China,81481.0,47.0,52.0,1.001,1.001,81206,0.0,52.0,1.0,1.0
91,2020-03-31,China,81513.0,32.0,50.0,1.0,1.001,81206,0.0,50.0,1.0,1.0
92,2020-04-01,China,81552.0,39.0,45.0,1.0,1.001,81206,0.0,45.0,1.0,1.0
93,2020-04-02,China,81585.0,33.0,43.0,1.0,1.001,81206,0.0,43.0,1.0,1.0
94,2020-04-03,China,81608.0,23.0,37.0,1.0,1.0,81206,0.0,37.0,1.0,1.0
95,2020-04-04,China,81640.0,32.0,36.0,1.0,1.0,81206,0.0,36.0,1.0,1.0
96,2020-04-05,China,81669.0,29.0,34.0,1.0,1.0,81206,0.0,34.0,1.0,1.0
97,2020-04-06,China,81701.0,32.0,31.0,1.0,1.0,81207,1.0,31.0,1.0,1.0
98,2020-04-07,China,81752.0,51.0,34.0,1.001,1.0,81207,0.0,34.0,1.0,1.0
99,2020-04-08,China,81811.0,59.0,37.0,1.001,1.0,81207,0.0,37.0,1.0,1.0
100,2020-04-09,China,81853.0,42.0,38.0,1.001,1.0,81207,0.0,38.0,1.0,1.0
101,2020-04-10,China,81913.0,60.0,44.0,1.001,1.001,81207,0.0,44.0,1.0,1.0
102,2020-04-11,China,81990.0,77.0,50.0,1.001,1.001,81207,0.0,50.0,1.0,1.0
103,2020-04-12,China,82077.0,87.0,58.0,1.001,1.001,81207,0.0,58.0,1.0,1.0
104,2020-04-13,China,82164.0,87.0,66.0,1.001,1.001,81207,0.0,66.0,1.0,1.0
105,2020-04-14,China,82223.0,59.0,67.0,1.001,1.001,81207,0.0,67.0,1.0,1.0
106,2020-04-15,China,82292.0,69.0,69.0,1.001,1.001,81207,0.0,69.0,1.0,1.0
107,2020-04-16,China,82341.0,49.0,70.0,1.001,1.001,81207,0.0,70.0,1.0,1.0
108,2020-04-17,China,,,,,,81207,0.0,-101.0,1.0,1.0
109,2020-04-18,China,,,,,,81207,0.0,-112.0,1.0,1.0
110,2020-04-19,China,,,,,,81207,0.0,-124.0,1.0,1.0
111,2020-04-20,China,,,,,,81207,0.0,-137.0,1.0,1.0
112,2020-04-21,China,,,,,,81207,0.0,-145.0,1.0,1.0
113,2020-04-22,China,,,,,,81207,0.0,-155.0,1.0,1.0
114,2020-04-23,China,,,,,,81207,0.0,-162.0,1.0,1.0
115,2020-04-24,China,,,,,,81207,0.0,0.0,1.0,1.0
116,2020-04-25,China,,,,,,81207,0.0,0.0,1.0,1.0
117,2020-04-26,China,,,,,,81207,0.0,0.0,1.0,1.0
118,2020-04-27,China,,,,,,81207,0.0,0.0,1.0,1.0
119,2020-04-28,China,,,,,,81207,0.0,0.0,1.0,1.0
120,2020-04-29,China,,,,,,81207,0.0,0.0,1.0,1.0
121,2020-04-30,China,,,,,,81207,0.0,0.0,1.0,1.0
122,2020-05-01,China,,,,,,81207,0.0,0.0,1.0,1.0
123,2020-05-02,China,,,,,,81207,0.0,0.0,1.0,1.0
124,2020-05-03,China,,,,,,81207,0.0,0.0,1.0,1.0
125,2020-05-04,China,,,,,,81207,0.0,0.0,1.0,1.0
126,2020-05-05,China,,,,,,81207,0.0,0.0,1.0,1.0
127,2020-05-06,China,,,,,,81207,0.0,0.0,1.0,1.0
128,2020-05-07,China,,,,,,81207,0.0,0.0,1.0,1.0
129,2020-05-08,China,,,,,,81207,0.0,0.0,1.0,1.0
130,2020-05-09,China,,,,,,81207,0.0,0.0,1.0,1.0
131,2020-05-10,China,,,,,,81207,0.0,0.0,1.0,1.0
132,2020-05-11,China,,,,,,81207,0.0,0.0,1.0,1.0
133,2020-05-12,China,,,,,,81207,0.0,0.0,1.0,1.0
134,2020-05-13,China,,,,,,81207,0.0,0.0,1.0,1.0
135,2020-05-14,China,,,,,,81207,0.0,0.0,1.0,1.0
136,2020-05-15,China,,,,,,81207,0.0,0.0,1.0,1.0
137,2020-05-16,China,,,,,,81207,0.0,0.0,1.0,1.0
138,2020-05-17,China,,,,,,81207,0.0,0.0,1.0,1.0
139,2020-05-18,China,,,,,,81207,0.0,0.0,1.0,1.0
140,2020-05-19,China,,,,,,81207,0.0,0.0,1.0,1.0
141,2020-05-20,China,,,,,,81207,0.0,0.0,1.0,1.0
142,2020-05-21,China,,,,,,81207,0.0,0.0,1.0,1.0
143,2020-05-22,China,,,,,,81207,0.0,0.0,1.0,1.0
144,2020-05-23,China,,,,,,81207,0.0,0.0,1.0,1.0
145,2020-05-24,China,,,,,,81207,0.0,0.0,1.0,1.0
146,2020-05-25,China,,,,,,81207,0.0,0.0,1.0,1.0
147,2020-05-26,China,,,,,,81207,0.0,0.0,1.0,1.0
