,date,country,confirmed,new_confirmed,new_conf_avg_7,growth,growth_avg_7,predict,new_predict,new_pred_avg_7,p_growth,p_gr_avg_7
0,2020-01-31,Sweden,1.0,1.0,,0.0,1.0,0,,,1.0,
1,2020-02-01,Sweden,1.0,0.0,,1.0,1.0,0,0.0,,0.0,
2,2020-02-02,Sweden,1.0,0.0,,1.0,1.0,0,0.0,,0.0,
3,2020-02-03,Sweden,1.0,0.0,,1.0,1.0,0,0.0,,0.0,
4,2020-02-04,Sweden,1.0,0.0,,1.0,1.0,0,0.0,,0.0,
5,2020-02-05,Sweden,1.0,0.0,,1.0,1.0,0,0.0,,0.0,
6,2020-02-06,Sweden,1.0,0.0,0.0,1.0,1.0,0,0.0,,0.0,1.0
7,2020-02-07,Sweden,1.0,0.0,0.0,1.0,1.0,0,0.0,0.0,0.0,1.0
8,2020-02-08,Sweden,1.0,0.0,0.0,1.0,1.0,0,0.0,0.0,0.0,1.0
9,2020-02-09,Sweden,1.0,0.0,0.0,1.0,1.0,0,0.0,0.0,0.0,1.0
10,2020-02-10,Sweden,1.0,0.0,0.0,1.0,1.0,0,0.0,0.0,0.0,1.0
11,2020-02-11,Sweden,1.0,0.0,0.0,1.0,1.0,0,0.0,0.0,0.0,1.0
12,2020-02-12,Sweden,1.0,0.0,0.0,1.0,1.0,0,0.0,0.0,0.0,1.0
13,2020-02-13,Sweden,1.0,0.0,0.0,1.0,1.0,0,0.0,0.0,0.0,1.0
14,2020-02-14,Sweden,1.0,0.0,0.0,1.0,1.0,0,0.0,0.0,0.0,1.0
15,2020-02-15,Sweden,1.0,0.0,0.0,1.0,1.0,0,0.0,0.0,0.0,1.0
16,2020-02-16,Sweden,1.0,0.0,0.0,1.0,1.0,0,0.0,0.0,0.0,1.0
17,2020-02-17,Sweden,1.0,0.0,0.0,1.0,1.0,0,0.0,0.0,0.0,1.0
18,2020-02-18,Sweden,1.0,0.0,0.0,1.0,1.0,0,0.0,0.0,0.0,1.0
19,2020-02-19,Sweden,1.0,0.0,0.0,1.0,1.0,0,0.0,0.0,0.0,1.0
20,2020-02-20,Sweden,1.0,0.0,0.0,1.0,1.0,0,0.0,0.0,0.0,1.0
21,2020-02-21,Sweden,1.0,0.0,0.0,1.0,1.0,4,4.0,0.0,0.0,1.0
22,2020-02-22,Sweden,1.0,0.0,0.0,1.0,1.0,10,6.0,0.0,2.5,1.0
23,2020-02-23,Sweden,1.0,0.0,0.0,1.0,1.0,16,6.0,0.0,1.6,1.0
24,2020-02-24,Sweden,1.0,0.0,0.0,1.0,1.0,24,8.0,0.0,1.5,1.0
25,2020-02-25,Sweden,1.0,0.0,0.0,1.0,1.0,33,9.0,0.0,1.375,1.0
26,2020-02-26,Sweden,2.0,1.0,0.0,2.0,1.143,43,10.0,0.0,1.303,1.183
27,2020-02-27,Sweden,7.0,5.0,1.0,3.5,1.5,56,13.0,1.0,1.302,1.369
28,2020-02-28,Sweden,9.0,2.0,1.0,1.286,1.541,70,14.0,1.0,1.25,1.547
29,2020-02-29,Sweden,12.0,3.0,2.0,1.3330000000000002,1.588,87,17.0,2.0,1.243,1.368
30,2020-03-01,Sweden,14.0,2.0,2.0,1.167,1.6119999999999999,106,19.0,2.0,1.218,1.313
31,2020-03-02,Sweden,17.0,3.0,2.0,1.214,1.643,128,22.0,2.0,1.208,1.271
32,2020-03-03,Sweden,21.0,4.0,3.0,1.235,1.676,154,26.0,3.0,1.203,1.247
33,2020-03-04,Sweden,35.0,14.0,5.0,1.6669999999999998,1.629,183,29.0,5.0,1.188,1.23
34,2020-03-05,Sweden,94.0,59.0,12.0,2.6860000000000004,1.5130000000000001,217,34.0,12.0,1.186,1.214
35,2020-03-06,Sweden,127.0,33.0,17.0,1.351,1.5219999999999998,256,39.0,17.0,1.18,1.204
36,2020-03-07,Sweden,161.0,34.0,21.0,1.268,1.5130000000000001,300,44.0,21.0,1.172,1.194
37,2020-03-08,Sweden,203.0,42.0,27.0,1.261,1.526,351,51.0,27.0,1.17,1.187
38,2020-03-09,Sweden,248.0,45.0,33.0,1.222,1.527,408,57.0,33.0,1.162,1.18
39,2020-03-10,Sweden,355.0,107.0,48.0,1.431,1.555,473,65.0,48.0,1.159,1.174
40,2020-03-11,Sweden,500.0,145.0,66.0,1.4080000000000001,1.518,547,74.0,66.0,1.156,1.169
41,2020-03-12,Sweden,599.0,99.0,72.0,1.198,1.306,629,82.0,72.0,1.15,1.164
42,2020-03-13,Sweden,814.0,215.0,98.0,1.359,1.307,722,93.0,98.0,1.148,1.16
43,2020-03-14,Sweden,961.0,147.0,114.0,1.181,1.294,825,103.0,114.0,1.143,1.155
44,2020-03-15,Sweden,1032.0,71.0,118.0,1.074,1.268,941,116.0,118.0,1.141,1.151
45,2020-03-16,Sweden,1106.0,74.0,123.0,1.072,1.246,1069,128.0,123.0,1.136,1.148
46,2020-03-17,Sweden,1191.0,85.0,119.0,1.077,1.196,1211,142.0,119.0,1.133,1.144
47,2020-03-18,Sweden,1314.0,123.0,116.0,1.103,1.1520000000000001,1367,156.0,116.0,1.129,1.14
48,2020-03-19,Sweden,1439.0,125.0,120.0,1.095,1.137,1539,172.0,120.0,1.126,1.137
49,2020-03-20,Sweden,1639.0,200.0,118.0,1.139,1.1059999999999999,1727,188.0,118.0,1.122,1.133
50,2020-03-21,Sweden,1786.0,147.0,118.0,1.09,1.093,1932,205.0,118.0,1.119,1.129
51,2020-03-22,Sweden,1904.0,118.0,125.0,1.0659999999999998,1.092,2156,224.0,125.0,1.116,1.126
52,2020-03-23,Sweden,2110.0,206.0,143.0,1.1079999999999999,1.097,2397,241.0,143.0,1.112,1.122
53,2020-03-24,Sweden,2286.0,176.0,156.0,1.083,1.0979999999999999,2658,261.0,156.0,1.109,1.119
54,2020-03-25,Sweden,2563.0,277.0,178.0,1.121,1.1,2938,280.0,178.0,1.105,1.116
55,2020-03-26,Sweden,2840.0,277.0,200.0,1.1079999999999999,1.102,3238,300.0,200.0,1.102,1.112
56,2020-03-27,Sweden,3143.0,303.0,215.0,1.107,1.0979999999999999,3559,321.0,215.0,1.099,1.109
57,2020-03-28,Sweden,3447.0,304.0,237.0,1.097,1.099,3899,340.0,237.0,1.096,1.106
58,2020-03-29,Sweden,3737.0,290.0,262.0,1.084,1.101,4259,360.0,262.0,1.092,1.102
59,2020-03-30,Sweden,4067.0,330.0,280.0,1.088,1.0979999999999999,4639,380.0,280.0,1.089,1.099
60,2020-03-31,Sweden,4487.0,420.0,314.0,1.103,1.101,5039,400.0,314.0,1.086,1.096
61,2020-04-01,Sweden,4947.0,460.0,341.0,1.103,1.099,5458,419.0,341.0,1.083,1.092
62,2020-04-02,Sweden,5568.0,621.0,390.0,1.126,1.101,5894,436.0,390.0,1.08,1.089
63,2020-04-03,Sweden,6005.0,437.0,409.0,1.078,1.097,6349,455.0,409.0,1.077,1.086
64,2020-04-04,Sweden,6480.0,475.0,433.0,1.079,1.094,6819,470.0,433.0,1.074,1.083
65,2020-04-05,Sweden,6824.0,344.0,441.0,1.053,1.09,7305,486.0,441.0,1.071,1.08
66,2020-04-06,Sweden,7261.0,437.0,456.0,1.064,1.087,7805,500.0,456.0,1.068,1.077
67,2020-04-07,Sweden,7812.0,551.0,475.0,1.0759999999999998,1.083,8318,513.0,475.0,1.066,1.074
68,2020-04-08,Sweden,8417.0,605.0,496.0,1.077,1.079,8842,524.0,496.0,1.063,1.071
69,2020-04-09,Sweden,9052.0,635.0,498.0,1.075,1.072,9376,534.0,498.0,1.06,1.068
70,2020-04-10,Sweden,9646.0,594.0,520.0,1.0659999999999998,1.07,9919,543.0,520.0,1.058,1.066
71,2020-04-11,Sweden,10084.0,438.0,515.0,1.045,1.065,10468,549.0,515.0,1.055,1.063
72,2020-04-12,Sweden,10549.0,465.0,532.0,1.046,1.064,11023,555.0,532.0,1.053,1.06
73,2020-04-13,Sweden,10964.0,415.0,529.0,1.0390000000000001,1.061,11581,558.0,529.0,1.051,1.058
74,2020-04-14,Sweden,11437.0,473.0,518.0,1.043,1.056,12142,561.0,518.0,1.048,1.055
75,2020-04-15,Sweden,11992.0,555.0,511.0,1.0490000000000002,1.052,12703,561.0,511.0,1.046,1.053
76,2020-04-16,Sweden,12571.0,579.0,503.0,1.048,1.048,13263,560.0,503.0,1.044,1.051
77,2020-04-17,Sweden,13181.0,610.0,505.0,1.0490000000000002,1.046,13820,557.0,505.0,1.042,1.048
78,2020-04-18,Sweden,13800.0,619.0,531.0,1.047,1.046,14374,554.0,531.0,1.04,1.046
79,2020-04-19,Sweden,14299.0,499.0,536.0,1.036,1.044,14923,549.0,536.0,1.038,1.044
80,2020-04-20,Sweden,14853.0,554.0,556.0,1.0390000000000001,1.044,15466,543.0,556.0,1.036,1.042
81,2020-04-21,Sweden,15390.0,537.0,565.0,1.036,1.043,16002,536.0,565.0,1.035,1.04
82,2020-04-22,Sweden,16038.0,648.0,578.0,1.042,1.042,16529,527.0,578.0,1.033,1.038
83,2020-04-23,Sweden,16755.0,717.0,598.0,1.045,1.042,17046,517.0,598.0,1.031,1.036
84,2020-04-24,Sweden,,,,,,17554,508.0,625.0,1.03,1.035
85,2020-04-25,Sweden,,,,,,18050,496.0,607.0,1.028,1.033
86,2020-04-26,Sweden,,,,,,18535,485.0,605.0,1.027,1.031
87,2020-04-27,Sweden,,,,,,19008,473.0,594.0,1.026,1.03
88,2020-04-28,Sweden,,,,,,19468,460.0,583.0,1.024,1.028
89,2020-04-29,Sweden,,,,,,19915,447.0,554.0,1.023,1.027
90,2020-04-30,Sweden,,,,,,20349,434.0,513.0,1.022,1.026
91,2020-05-01,Sweden,,,,,,20769,420.0,459.0,1.021,1.024
92,2020-05-02,Sweden,,,,,,21176,407.0,447.0,1.02,1.023
93,2020-05-03,Sweden,,,,,,21568,392.0,433.0,1.019,1.022
94,2020-05-04,Sweden,,,,,,21947,379.0,420.0,1.018,1.021
95,2020-05-05,Sweden,,,,,,22312,365.0,406.0,1.017,1.02
96,2020-05-06,Sweden,,,,,,22664,352.0,393.0,1.016,1.019
97,2020-05-07,Sweden,,,,,,23002,338.0,379.0,1.015,1.018
98,2020-05-08,Sweden,,,,,,23327,325.0,365.0,1.014,1.017
99,2020-05-09,Sweden,,,,,,23638,311.0,352.0,1.013,1.016
100,2020-05-10,Sweden,,,,,,23937,299.0,338.0,1.013,1.015
101,2020-05-11,Sweden,,,,,,24223,286.0,325.0,1.012,1.014
102,2020-05-12,Sweden,,,,,,24497,274.0,312.0,1.011,1.013
103,2020-05-13,Sweden,,,,,,24758,261.0,299.0,1.011,1.013
104,2020-05-14,Sweden,,,,,,25008,250.0,287.0,1.01,1.012
105,2020-05-15,Sweden,,,,,,25247,239.0,274.0,1.01,1.011
106,2020-05-16,Sweden,,,,,,25475,228.0,262.0,1.009,1.011
107,2020-05-17,Sweden,,,,,,25692,217.0,251.0,1.009,1.01
108,2020-05-18,Sweden,,,,,,25899,207.0,239.0,1.008,1.01
109,2020-05-19,Sweden,,,,,,26096,197.0,228.0,1.008,1.009
110,2020-05-20,Sweden,,,,,,26284,188.0,218.0,1.007,1.009
111,2020-05-21,Sweden,,,,,,26462,178.0,208.0,1.007,1.008
112,2020-05-22,Sweden,,,,,,26632,170.0,198.0,1.006,1.008
113,2020-05-23,Sweden,,,,,,26793,161.0,188.0,1.006,1.007
114,2020-05-24,Sweden,,,,,,26946,153.0,179.0,1.006,1.007
115,2020-05-25,Sweden,,,,,,27092,146.0,170.0,1.005,1.006
116,2020-05-26,Sweden,,,,,,27230,138.0,162.0,1.005,1.006
117,2020-05-27,Sweden,,,,,,27361,131.0,154.0,1.005,1.006
118,2020-05-28,Sweden,,,,,,27485,124.0,146.0,1.005,1.005
119,2020-05-29,Sweden,,,,,,27603,118.0,139.0,1.004,1.005
120,2020-05-30,Sweden,,,,,,27714,111.0,132.0,1.004,1.005
121,2020-05-31,Sweden,,,,,,27820,106.0,125.0,1.004,1.005
122,2020-06-01,Sweden,,,,,,27920,100.0,118.0,1.004,1.004
123,2020-06-02,Sweden,,,,,,28015,95.0,112.0,1.003,1.004
124,2020-06-03,Sweden,,,,,,28105,90.0,106.0,1.003,1.004
125,2020-06-04,Sweden,,,,,,28190,85.0,101.0,1.003,1.004
126,2020-06-05,Sweden,,,,,,28270,80.0,95.0,1.003,1.003
127,2020-06-06,Sweden,,,,,,28346,76.0,90.0,1.003,1.003
128,2020-06-07,Sweden,,,,,,28418,72.0,85.0,1.003,1.003
129,2020-06-08,Sweden,,,,,,28486,68.0,81.0,1.002,1.003
130,2020-06-09,Sweden,,,,,,28551,65.0,77.0,1.002,1.003
131,2020-06-10,Sweden,,,,,,28611,60.0,72.0,1.002,1.003
132,2020-06-11,Sweden,,,,,,28669,58.0,68.0,1.002,1.002
133,2020-06-12,Sweden,,,,,,28723,54.0,65.0,1.002,1.002
134,2020-06-13,Sweden,,,,,,28775,52.0,61.0,1.002,1.002
135,2020-06-14,Sweden,,,,,,28823,48.0,58.0,1.002,1.002
136,2020-06-15,Sweden,,,,,,28869,46.0,55.0,1.002,1.002
137,2020-06-16,Sweden,,,,,,28912,43.0,52.0,1.001,1.002
138,2020-06-17,Sweden,,,,,,28953,41.0,49.0,1.001,1.002
139,2020-06-18,Sweden,,,,,,28992,39.0,46.0,1.001,1.002
140,2020-06-19,Sweden,,,,,,29028,36.0,44.0,1.001,1.001
141,2020-06-20,Sweden,,,,,,29063,35.0,41.0,1.001,1.001
142,2020-06-21,Sweden,,,,,,29095,32.0,39.0,1.001,1.001
143,2020-06-22,Sweden,,,,,,29126,31.0,37.0,1.001,1.001
144,2020-06-23,Sweden,,,,,,29155,29.0,35.0,1.001,1.001
145,2020-06-24,Sweden,,,,,,29182,27.0,33.0,1.001,1.001
146,2020-06-25,Sweden,,,,,,29208,26.0,31.0,1.001,1.001
147,2020-06-26,Sweden,,,,,,29232,24.0,29.0,1.001,1.001
148,2020-06-27,Sweden,,,,,,29255,23.0,27.0,1.001,1.001
149,2020-06-28,Sweden,,,,,,29277,22.0,26.0,1.001,1.001
150,2020-06-29,Sweden,,,,,,29297,20.0,24.0,1.001,1.001
151,2020-06-30,Sweden,,,,,,29317,20.0,23.0,1.001,1.001
152,2020-07-01,Sweden,,,,,,29335,18.0,22.0,1.001,1.001
153,2020-07-02,Sweden,,,,,,29352,17.0,21.0,1.001,1.001
154,2020-07-03,Sweden,,,,,,29368,16.0,19.0,1.001,1.001
155,2020-07-04,Sweden,,,,,,29384,16.0,18.0,1.001,1.001
156,2020-07-05,Sweden,,,,,,29398,14.0,17.0,1.0,1.001
157,2020-07-06,Sweden,,,,,,29412,14.0,16.0,1.0,1.001
158,2020-07-07,Sweden,,,,,,29424,12.0,15.0,1.0,1.001
159,2020-07-08,Sweden,,,,,,29436,12.0,14.0,1.0,1.0
160,2020-07-09,Sweden,,,,,,29448,12.0,14.0,1.0,1.0
161,2020-07-10,Sweden,,,,,,29459,11.0,13.0,1.0,1.0
162,2020-07-11,Sweden,,,,,,29469,10.0,12.0,1.0,1.0
163,2020-07-12,Sweden,,,,,,29478,9.0,11.0,1.0,1.0
164,2020-07-13,Sweden,,,,,,29487,9.0,11.0,1.0,1.0
165,2020-07-14,Sweden,,,,,,29496,9.0,10.0,1.0,1.0
166,2020-07-15,Sweden,,,,,,29504,8.0,10.0,1.0,1.0
167,2020-07-16,Sweden,,,,,,29512,8.0,9.0,1.0,1.0
168,2020-07-17,Sweden,,,,,,29519,7.0,9.0,1.0,1.0
169,2020-07-18,Sweden,,,,,,29525,6.0,8.0,1.0,1.0
170,2020-07-19,Sweden,,,,,,29532,7.0,8.0,1.0,1.0
171,2020-07-20,Sweden,,,,,,29538,6.0,7.0,1.0,1.0
172,2020-07-21,Sweden,,,,,,29543,5.0,7.0,1.0,1.0
173,2020-07-22,Sweden,,,,,,29549,6.0,6.0,1.0,1.0
174,2020-07-23,Sweden,,,,,,29554,5.0,6.0,1.0,1.0
175,2020-07-24,Sweden,,,,,,29558,4.0,6.0,1.0,1.0
176,2020-07-25,Sweden,,,,,,29563,5.0,5.0,1.0,1.0
177,2020-07-26,Sweden,,,,,,29567,4.0,5.0,1.0,1.0
178,2020-07-27,Sweden,,,,,,29571,4.0,5.0,1.0,1.0
179,2020-07-28,Sweden,,,,,,29575,4.0,5.0,1.0,1.0
180,2020-07-29,Sweden,,,,,,29578,3.0,4.0,1.0,1.0
181,2020-07-30,Sweden,,,,,,29582,4.0,4.0,1.0,1.0
182,2020-07-31,Sweden,,,,,,29585,3.0,4.0,1.0,1.0
183,2020-08-01,Sweden,,,,,,29588,3.0,4.0,1.0,1.0
184,2020-08-02,Sweden,,,,,,29591,3.0,3.0,1.0,1.0
185,2020-08-03,Sweden,,,,,,29593,2.0,3.0,1.0,1.0
186,2020-08-04,Sweden,,,,,,29596,3.0,3.0,1.0,1.0
187,2020-08-05,Sweden,,,,,,29598,2.0,3.0,1.0,1.0
188,2020-08-06,Sweden,,,,,,29600,2.0,3.0,1.0,1.0
189,2020-08-07,Sweden,,,,,,29602,2.0,2.0,1.0,1.0
190,2020-08-08,Sweden,,,,,,29604,2.0,2.0,1.0,1.0
191,2020-08-09,Sweden,,,,,,29606,2.0,2.0,1.0,1.0
192,2020-08-10,Sweden,,,,,,29608,2.0,2.0,1.0,1.0
193,2020-08-11,Sweden,,,,,,29609,1.0,2.0,1.0,1.0
194,2020-08-12,Sweden,,,,,,29611,2.0,2.0,1.0,1.0
195,2020-08-13,Sweden,,,,,,29612,1.0,2.0,1.0,1.0
196,2020-08-14,Sweden,,,,,,29614,2.0,2.0,1.0,1.0
197,2020-08-15,Sweden,,,,,,29615,1.0,2.0,1.0,1.0
198,2020-08-16,Sweden,,,,,,29616,1.0,1.0,1.0,1.0
199,2020-08-17,Sweden,,,,,,29617,1.0,1.0,1.0,1.0
200,2020-08-18,Sweden,,,,,,29619,2.0,1.0,1.0,1.0
201,2020-08-19,Sweden,,,,,,29620,1.0,1.0,1.0,1.0
202,2020-08-20,Sweden,,,,,,29621,1.0,1.0,1.0,1.0
203,2020-08-21,Sweden,,,,,,29621,0.0,1.0,1.0,1.0
204,2020-08-22,Sweden,,,,,,29622,1.0,1.0,1.0,1.0
205,2020-08-23,Sweden,,,,,,29623,1.0,1.0,1.0,1.0
206,2020-08-24,Sweden,,,,,,29624,1.0,1.0,1.0,1.0
207,2020-08-25,Sweden,,,,,,29625,1.0,1.0,1.0,1.0
