,date,country,confirmed,new_confirmed,new_conf_avg_7,growth,growth_avg_7,predict,new_predict,new_pred_avg_7,p_growth,p_gr_avg_7
0,2020-01-31,Sweden,1.0,1.0,,0.0,1.0,0,,,1.0,
1,2020-02-01,Sweden,1.0,0.0,,1.0,1.0,0,0.0,,0.0,
2,2020-02-02,Sweden,1.0,0.0,,1.0,1.0,0,0.0,,0.0,
3,2020-02-03,Sweden,1.0,0.0,,1.0,1.0,0,0.0,,0.0,
4,2020-02-04,Sweden,1.0,0.0,,1.0,1.0,0,0.0,,0.0,
5,2020-02-05,Sweden,1.0,0.0,,1.0,1.0,0,0.0,,0.0,
6,2020-02-06,Sweden,1.0,0.0,0.0,1.0,1.0,0,0.0,,0.0,1.0
7,2020-02-07,Sweden,1.0,0.0,0.0,1.0,1.0,0,0.0,0.0,0.0,1.0
8,2020-02-08,Sweden,1.0,0.0,0.0,1.0,1.0,0,0.0,0.0,0.0,1.0
9,2020-02-09,Sweden,1.0,0.0,0.0,1.0,1.0,0,0.0,0.0,0.0,1.0
10,2020-02-10,Sweden,1.0,0.0,0.0,1.0,1.0,0,0.0,0.0,0.0,1.0
11,2020-02-11,Sweden,1.0,0.0,0.0,1.0,1.0,0,0.0,0.0,0.0,1.0
12,2020-02-12,Sweden,1.0,0.0,0.0,1.0,1.0,0,0.0,0.0,0.0,1.0
13,2020-02-13,Sweden,1.0,0.0,0.0,1.0,1.0,0,0.0,0.0,0.0,1.0
14,2020-02-14,Sweden,1.0,0.0,0.0,1.0,1.0,0,0.0,0.0,0.0,1.0
15,2020-02-15,Sweden,1.0,0.0,0.0,1.0,1.0,0,0.0,0.0,0.0,1.0
16,2020-02-16,Sweden,1.0,0.0,0.0,1.0,1.0,0,0.0,0.0,0.0,1.0
17,2020-02-17,Sweden,1.0,0.0,0.0,1.0,1.0,0,0.0,0.0,0.0,1.0
18,2020-02-18,Sweden,1.0,0.0,0.0,1.0,1.0,0,0.0,0.0,0.0,1.0
19,2020-02-19,Sweden,1.0,0.0,0.0,1.0,1.0,0,0.0,0.0,0.0,1.0
20,2020-02-20,Sweden,1.0,0.0,0.0,1.0,1.0,0,0.0,0.0,0.0,1.0
21,2020-02-21,Sweden,1.0,0.0,0.0,1.0,1.0,6,6.0,0.0,0.0,1.0
22,2020-02-22,Sweden,1.0,0.0,0.0,1.0,1.0,13,7.0,0.0,2.167,1.0
23,2020-02-23,Sweden,1.0,0.0,0.0,1.0,1.0,21,8.0,0.0,1.615,1.0
24,2020-02-24,Sweden,1.0,0.0,0.0,1.0,1.0,31,10.0,0.0,1.476,1.0
25,2020-02-25,Sweden,1.0,0.0,0.0,1.0,1.0,41,10.0,0.0,1.323,1.0
26,2020-02-26,Sweden,2.0,1.0,0.0,2.0,1.143,53,12.0,0.0,1.293,1.125
27,2020-02-27,Sweden,7.0,5.0,1.0,3.5,1.5,67,14.0,1.0,1.264,1.305
28,2020-02-28,Sweden,9.0,2.0,1.0,1.286,1.541,83,16.0,1.0,1.239,1.482
29,2020-02-29,Sweden,12.0,3.0,2.0,1.3330000000000002,1.588,101,18.0,2.0,1.217,1.347
30,2020-03-01,Sweden,14.0,2.0,2.0,1.167,1.6119999999999999,122,21.0,2.0,1.208,1.289
31,2020-03-02,Sweden,17.0,3.0,2.0,1.214,1.643,146,24.0,2.0,1.197,1.249
32,2020-03-03,Sweden,21.0,4.0,3.0,1.235,1.676,172,26.0,3.0,1.178,1.228
33,2020-03-04,Sweden,35.0,14.0,5.0,1.6669999999999998,1.629,203,31.0,5.0,1.18,1.212
34,2020-03-05,Sweden,94.0,59.0,12.0,2.6860000000000004,1.5130000000000001,238,35.0,12.0,1.172,1.199
35,2020-03-06,Sweden,127.0,33.0,17.0,1.351,1.5219999999999998,277,39.0,17.0,1.164,1.188
36,2020-03-07,Sweden,161.0,34.0,21.0,1.268,1.5130000000000001,321,44.0,21.0,1.159,1.18
37,2020-03-08,Sweden,203.0,42.0,27.0,1.261,1.526,372,51.0,27.0,1.159,1.173
38,2020-03-09,Sweden,248.0,45.0,33.0,1.222,1.527,428,56.0,33.0,1.151,1.166
39,2020-03-10,Sweden,355.0,107.0,48.0,1.431,1.555,492,64.0,48.0,1.15,1.162
40,2020-03-11,Sweden,500.0,145.0,66.0,1.4080000000000001,1.518,564,72.0,66.0,1.146,1.157
41,2020-03-12,Sweden,599.0,99.0,72.0,1.198,1.306,644,80.0,72.0,1.142,1.153
42,2020-03-13,Sweden,814.0,215.0,98.0,1.359,1.307,734,90.0,98.0,1.14,1.15
43,2020-03-14,Sweden,961.0,147.0,114.0,1.181,1.294,835,101.0,114.0,1.138,1.147
44,2020-03-15,Sweden,1032.0,71.0,118.0,1.074,1.268,946,111.0,118.0,1.133,1.143
45,2020-03-16,Sweden,1106.0,74.0,123.0,1.072,1.246,1071,125.0,123.0,1.132,1.14
46,2020-03-17,Sweden,1191.0,85.0,119.0,1.077,1.196,1208,137.0,119.0,1.128,1.137
47,2020-03-18,Sweden,1314.0,123.0,116.0,1.103,1.1520000000000001,1360,152.0,116.0,1.126,1.134
48,2020-03-19,Sweden,1439.0,125.0,120.0,1.095,1.137,1527,167.0,120.0,1.123,1.131
49,2020-03-20,Sweden,1639.0,200.0,118.0,1.139,1.1059999999999999,1711,184.0,118.0,1.12,1.129
50,2020-03-21,Sweden,1786.0,147.0,118.0,1.09,1.093,1912,201.0,118.0,1.117,1.126
51,2020-03-22,Sweden,1904.0,118.0,125.0,1.0659999999999998,1.092,2132,220.0,125.0,1.115,1.123
52,2020-03-23,Sweden,2110.0,206.0,143.0,1.1079999999999999,1.097,2370,238.0,143.0,1.112,1.12
53,2020-03-24,Sweden,2286.0,176.0,156.0,1.083,1.0979999999999999,2628,258.0,156.0,1.109,1.117
54,2020-03-25,Sweden,2563.0,277.0,178.0,1.121,1.1,2907,279.0,178.0,1.106,1.115
55,2020-03-26,Sweden,2840.0,277.0,200.0,1.1079999999999999,1.102,3207,300.0,200.0,1.103,1.112
56,2020-03-27,Sweden,3143.0,303.0,215.0,1.107,1.0979999999999999,3528,321.0,215.0,1.1,1.109
57,2020-03-28,Sweden,3447.0,304.0,237.0,1.097,1.099,3871,343.0,237.0,1.097,1.106
58,2020-03-29,Sweden,3737.0,290.0,262.0,1.084,1.101,4235,364.0,262.0,1.094,1.103
59,2020-03-30,Sweden,4067.0,330.0,280.0,1.088,1.0979999999999999,4620,385.0,280.0,1.091,1.1
60,2020-03-31,Sweden,4487.0,420.0,314.0,1.103,1.101,5025,405.0,314.0,1.088,1.097
61,2020-04-01,Sweden,4947.0,460.0,341.0,1.103,1.099,5451,426.0,341.0,1.085,1.094
62,2020-04-02,Sweden,5568.0,621.0,390.0,1.126,1.101,5896,445.0,390.0,1.082,1.091
63,2020-04-03,Sweden,6005.0,437.0,409.0,1.078,1.097,6359,463.0,409.0,1.079,1.088
64,2020-04-04,Sweden,6480.0,475.0,433.0,1.079,1.094,6839,480.0,433.0,1.075,1.085
65,2020-04-05,Sweden,6824.0,344.0,441.0,1.053,1.09,7334,495.0,441.0,1.072,1.082
66,2020-04-06,Sweden,7261.0,437.0,456.0,1.064,1.087,7842,508.0,456.0,1.069,1.079
67,2020-04-07,Sweden,7812.0,551.0,475.0,1.0759999999999998,1.083,8361,519.0,475.0,1.066,1.075
68,2020-04-08,Sweden,8417.0,605.0,496.0,1.077,1.079,8891,530.0,496.0,1.063,1.072
69,2020-04-09,Sweden,9052.0,635.0,498.0,1.075,1.072,9427,536.0,498.0,1.06,1.069
70,2020-04-10,Sweden,9646.0,594.0,520.0,1.0659999999999998,1.07,9970,543.0,520.0,1.058,1.066
71,2020-04-11,Sweden,10084.0,438.0,515.0,1.045,1.065,10515,545.0,515.0,1.055,1.063
72,2020-04-12,Sweden,10549.0,465.0,532.0,1.046,1.064,11061,546.0,532.0,1.052,1.06
73,2020-04-13,Sweden,10964.0,415.0,529.0,1.0390000000000001,1.061,11607,546.0,529.0,1.049,1.058
74,2020-04-14,Sweden,11437.0,473.0,518.0,1.043,1.056,12149,542.0,518.0,1.047,1.055
75,2020-04-15,Sweden,11992.0,555.0,511.0,1.0490000000000002,1.052,12687,538.0,511.0,1.044,1.052
76,2020-04-16,Sweden,12571.0,579.0,503.0,1.048,1.048,13217,530.0,503.0,1.042,1.05
77,2020-04-17,Sweden,13181.0,610.0,505.0,1.0490000000000002,1.046,13739,522.0,505.0,1.039,1.047
78,2020-04-18,Sweden,13800.0,619.0,531.0,1.047,1.046,14251,512.0,531.0,1.037,1.044
79,2020-04-19,Sweden,14385.0,585.0,548.0,1.042,1.045,14751,500.0,548.0,1.035,1.042
80,2020-04-20,Sweden,,,,,,15238,487.0,611.0,1.033,1.04
81,2020-04-21,Sweden,,,,,,15712,474.0,611.0,1.031,1.037
82,2020-04-22,Sweden,,,,,,16170,458.0,597.0,1.029,1.035
83,2020-04-23,Sweden,,,,,,16613,443.0,577.0,1.027,1.033
84,2020-04-24,Sweden,,,,,,17040,427.0,551.0,1.026,1.031
85,2020-04-25,Sweden,,,,,,17451,411.0,522.0,1.024,1.029
86,2020-04-26,Sweden,,,,,,17845,394.0,494.0,1.023,1.028
87,2020-04-27,Sweden,,,,,,18221,376.0,426.0,1.021,1.026
88,2020-04-28,Sweden,,,,,,18581,360.0,410.0,1.02,1.024
89,2020-04-29,Sweden,,,,,,18924,343.0,393.0,1.018,1.023
90,2020-04-30,Sweden,,,,,,19250,326.0,377.0,1.017,1.021
91,2020-05-01,Sweden,,,,,,19560,310.0,360.0,1.016,1.02
92,2020-05-02,Sweden,,,,,,19854,294.0,343.0,1.015,1.019
93,2020-05-03,Sweden,,,,,,20132,278.0,327.0,1.014,1.017
94,2020-05-04,Sweden,,,,,,20394,262.0,310.0,1.013,1.016
95,2020-05-05,Sweden,,,,,,20642,248.0,294.0,1.012,1.015
96,2020-05-06,Sweden,,,,,,20876,234.0,279.0,1.011,1.014
97,2020-05-07,Sweden,,,,,,21096,220.0,264.0,1.011,1.013
98,2020-05-08,Sweden,,,,,,21303,207.0,249.0,1.01,1.012
99,2020-05-09,Sweden,,,,,,21498,195.0,235.0,1.009,1.011
100,2020-05-10,Sweden,,,,,,21680,182.0,221.0,1.008,1.011
101,2020-05-11,Sweden,,,,,,21851,171.0,208.0,1.008,1.01
102,2020-05-12,Sweden,,,,,,22012,161.0,196.0,1.007,1.009
103,2020-05-13,Sweden,,,,,,22162,150.0,184.0,1.007,1.009
104,2020-05-14,Sweden,,,,,,22302,140.0,172.0,1.006,1.008
105,2020-05-15,Sweden,,,,,,22433,131.0,161.0,1.006,1.007
106,2020-05-16,Sweden,,,,,,22556,123.0,151.0,1.005,1.007
107,2020-05-17,Sweden,,,,,,22670,114.0,141.0,1.005,1.006
108,2020-05-18,Sweden,,,,,,22777,107.0,132.0,1.005,1.006
109,2020-05-19,Sweden,,,,,,22877,100.0,124.0,1.004,1.005
110,2020-05-20,Sweden,,,,,,22969,92.0,115.0,1.004,1.005
111,2020-05-21,Sweden,,,,,,23056,87.0,108.0,1.004,1.005
112,2020-05-22,Sweden,,,,,,23136,80.0,100.0,1.003,1.004
113,2020-05-23,Sweden,,,,,,23211,75.0,94.0,1.003,1.004
114,2020-05-24,Sweden,,,,,,23281,70.0,87.0,1.003,1.004
115,2020-05-25,Sweden,,,,,,23346,65.0,81.0,1.003,1.003
116,2020-05-26,Sweden,,,,,,23406,60.0,76.0,1.003,1.003
117,2020-05-27,Sweden,,,,,,23462,56.0,70.0,1.002,1.003
118,2020-05-28,Sweden,,,,,,23514,52.0,65.0,1.002,1.003
119,2020-05-29,Sweden,,,,,,23562,48.0,61.0,1.002,1.003
120,2020-05-30,Sweden,,,,,,23607,45.0,57.0,1.002,1.002
121,2020-05-31,Sweden,,,,,,23649,42.0,53.0,1.002,1.002
122,2020-06-01,Sweden,,,,,,23688,39.0,49.0,1.002,1.002
123,2020-06-02,Sweden,,,,,,23724,36.0,45.0,1.002,1.002
124,2020-06-03,Sweden,,,,,,23757,33.0,42.0,1.001,1.002
125,2020-06-04,Sweden,,,,,,23788,31.0,39.0,1.001,1.002
126,2020-06-05,Sweden,,,,,,23817,29.0,36.0,1.001,1.002
127,2020-06-06,Sweden,,,,,,23844,27.0,34.0,1.001,1.001
128,2020-06-07,Sweden,,,,,,23868,24.0,31.0,1.001,1.001
129,2020-06-08,Sweden,,,,,,23891,23.0,29.0,1.001,1.001
130,2020-06-09,Sweden,,,,,,23913,22.0,27.0,1.001,1.001
131,2020-06-10,Sweden,,,,,,23932,19.0,25.0,1.001,1.001
132,2020-06-11,Sweden,,,,,,23951,19.0,23.0,1.001,1.001
133,2020-06-12,Sweden,,,,,,23968,17.0,22.0,1.001,1.001
134,2020-06-13,Sweden,,,,,,23983,15.0,20.0,1.001,1.001
135,2020-06-14,Sweden,,,,,,23998,15.0,19.0,1.001,1.001
136,2020-06-15,Sweden,,,,,,24011,13.0,17.0,1.001,1.001
137,2020-06-16,Sweden,,,,,,24024,13.0,16.0,1.001,1.001
138,2020-06-17,Sweden,,,,,,24036,12.0,15.0,1.0,1.001
139,2020-06-18,Sweden,,,,,,24046,10.0,14.0,1.0,1.001
140,2020-06-19,Sweden,,,,,,24056,10.0,13.0,1.0,1.001
141,2020-06-20,Sweden,,,,,,24066,10.0,12.0,1.0,1.0
142,2020-06-21,Sweden,,,,,,24074,8.0,11.0,1.0,1.0
143,2020-06-22,Sweden,,,,,,24082,8.0,10.0,1.0,1.0
144,2020-06-23,Sweden,,,,,,24089,7.0,9.0,1.0,1.0
145,2020-06-24,Sweden,,,,,,24096,7.0,9.0,1.0,1.0
146,2020-06-25,Sweden,,,,,,24103,7.0,8.0,1.0,1.0
147,2020-06-26,Sweden,,,,,,24108,5.0,7.0,1.0,1.0
148,2020-06-27,Sweden,,,,,,24114,6.0,7.0,1.0,1.0
149,2020-06-28,Sweden,,,,,,24119,5.0,6.0,1.0,1.0
150,2020-06-29,Sweden,,,,,,24123,4.0,6.0,1.0,1.0
151,2020-06-30,Sweden,,,,,,24128,5.0,6.0,1.0,1.0
152,2020-07-01,Sweden,,,,,,24132,4.0,5.0,1.0,1.0
153,2020-07-02,Sweden,,,,,,24135,3.0,5.0,1.0,1.0
154,2020-07-03,Sweden,,,,,,24139,4.0,4.0,1.0,1.0
155,2020-07-04,Sweden,,,,,,24142,3.0,4.0,1.0,1.0
156,2020-07-05,Sweden,,,,,,24145,3.0,4.0,1.0,1.0
157,2020-07-06,Sweden,,,,,,24148,3.0,4.0,1.0,1.0
158,2020-07-07,Sweden,,,,,,24150,2.0,3.0,1.0,1.0
159,2020-07-08,Sweden,,,,,,24153,3.0,3.0,1.0,1.0
160,2020-07-09,Sweden,,,,,,24155,2.0,3.0,1.0,1.0
161,2020-07-10,Sweden,,,,,,24157,2.0,3.0,1.0,1.0
162,2020-07-11,Sweden,,,,,,24159,2.0,2.0,1.0,1.0
163,2020-07-12,Sweden,,,,,,24160,1.0,2.0,1.0,1.0
164,2020-07-13,Sweden,,,,,,24162,2.0,2.0,1.0,1.0
165,2020-07-14,Sweden,,,,,,24163,1.0,2.0,1.0,1.0
166,2020-07-15,Sweden,,,,,,24165,2.0,2.0,1.0,1.0
167,2020-07-16,Sweden,,,,,,24166,1.0,2.0,1.0,1.0
168,2020-07-17,Sweden,,,,,,24167,1.0,1.0,1.0,1.0
169,2020-07-18,Sweden,,,,,,24168,1.0,1.0,1.0,1.0
170,2020-07-19,Sweden,,,,,,24169,1.0,1.0,1.0,1.0
171,2020-07-20,Sweden,,,,,,24170,1.0,1.0,1.0,1.0
172,2020-07-21,Sweden,,,,,,24171,1.0,1.0,1.0,1.0
173,2020-07-22,Sweden,,,,,,24172,1.0,1.0,1.0,1.0
174,2020-07-23,Sweden,,,,,,24173,1.0,1.0,1.0,1.0
175,2020-07-24,Sweden,,,,,,24173,0.0,1.0,1.0,1.0
176,2020-07-25,Sweden,,,,,,24174,1.0,1.0,1.0,1.0
177,2020-07-26,Sweden,,,,,,24174,0.0,1.0,1.0,1.0
178,2020-07-27,Sweden,,,,,,24175,1.0,1.0,1.0,1.0
179,2020-07-28,Sweden,,,,,,24175,0.0,1.0,1.0,1.0
180,2020-07-29,Sweden,,,,,,24176,1.0,1.0,1.0,1.0
181,2020-07-30,Sweden,,,,,,24176,0.0,0.0,1.0,1.0
182,2020-07-31,Sweden,,,,,,24177,1.0,1.0,1.0,1.0
183,2020-08-01,Sweden,,,,,,24177,0.0,0.0,1.0,1.0
184,2020-08-02,Sweden,,,,,,24177,0.0,0.0,1.0,1.0
185,2020-08-03,Sweden,,,,,,24178,1.0,0.0,1.0,1.0
186,2020-08-04,Sweden,,,,,,24178,0.0,0.0,1.0,1.0
187,2020-08-05,Sweden,,,,,,24178,0.0,0.0,1.0,1.0
188,2020-08-06,Sweden,,,,,,24179,1.0,0.0,1.0,1.0
189,2020-08-07,Sweden,,,,,,24179,0.0,0.0,1.0,1.0
190,2020-08-08,Sweden,,,,,,24179,0.0,0.0,1.0,1.0
191,2020-08-09,Sweden,,,,,,24179,0.0,0.0,1.0,1.0
192,2020-08-10,Sweden,,,,,,24179,0.0,0.0,1.0,1.0
193,2020-08-11,Sweden,,,,,,24180,1.0,0.0,1.0,1.0
194,2020-08-12,Sweden,,,,,,24180,0.0,0.0,1.0,1.0
195,2020-08-13,Sweden,,,,,,24180,0.0,0.0,1.0,1.0
196,2020-08-14,Sweden,,,,,,24180,0.0,0.0,1.0,1.0
197,2020-08-15,Sweden,,,,,,24180,0.0,0.0,1.0,1.0
198,2020-08-16,Sweden,,,,,,24180,0.0,0.0,1.0,1.0
199,2020-08-17,Sweden,,,,,,24180,0.0,0.0,1.0,1.0
200,2020-08-18,Sweden,,,,,,24181,1.0,0.0,1.0,1.0
201,2020-08-19,Sweden,,,,,,24181,0.0,0.0,1.0,1.0
202,2020-08-20,Sweden,,,,,,24181,0.0,0.0,1.0,1.0
203,2020-08-21,Sweden,,,,,,24181,0.0,0.0,1.0,1.0
204,2020-08-22,Sweden,,,,,,24181,0.0,0.0,1.0,1.0
205,2020-08-23,Sweden,,,,,,24181,0.0,0.0,1.0,1.0
206,2020-08-24,Sweden,,,,,,24181,0.0,0.0,1.0,1.0
207,2020-08-25,Sweden,,,,,,24181,0.0,0.0,1.0,1.0
