,date,country,confirmed,new_confirmed,new_conf_avg_7,growth,growth_avg_7,predict,new_predict,new_pred_avg_7,p_growth,p_gr_avg_7
0,2020-01-23,Brazil,0.0,0.0,,0.0,1.0,,,,,
1,2020-02-26,Brazil,1.0,1.0,,0.0,1.0,,,,,
2,2020-02-27,Brazil,1.0,0.0,,1.0,1.0,,,,,
3,2020-02-28,Brazil,1.0,0.0,,1.0,1.0,,,,,
4,2020-02-29,Brazil,2.0,1.0,,2.0,1.0,,,,,
5,2020-03-01,Brazil,2.0,0.0,,1.0,1.0,,,,,
6,2020-03-02,Brazil,2.0,0.0,0.0,1.0,1.0,,,,,
7,2020-03-03,Brazil,3.0,1.0,0.0,1.5,1.071,,,0.0,,
8,2020-03-04,Brazil,4.0,1.0,0.0,1.3330000000000002,1.262,,,0.0,,
9,2020-03-05,Brazil,8.0,4.0,1.0,2.0,1.405,,,1.0,,
10,2020-03-06,Brazil,13.0,5.0,2.0,1.625,1.494,,,2.0,,
11,2020-03-07,Brazil,16.0,3.0,2.0,1.2309999999999999,1.3840000000000001,,,2.0,,
12,2020-03-08,Brazil,20.0,4.0,3.0,1.25,1.42,,,3.0,,
13,2020-03-09,Brazil,25.0,5.0,3.0,1.25,1.456,,,3.0,,
14,2020-03-10,Brazil,31.0,6.0,4.0,1.24,1.4180000000000001,,,4.0,,
15,2020-03-11,Brazil,38.0,7.0,5.0,1.226,1.403,,,5.0,,
16,2020-03-12,Brazil,52.0,14.0,6.0,1.368,1.3130000000000002,,,6.0,,
17,2020-03-13,Brazil,151.0,99.0,20.0,2.904,1.496,0.0,,20.0,,
18,2020-03-14,Brazil,156.0,5.0,20.0,1.033,1.4669999999999999,0.0,0.0,20.0,0.0,
19,2020-03-15,Brazil,162.0,6.0,20.0,1.038,1.4369999999999998,0.0,0.0,20.0,0.0,
20,2020-03-16,Brazil,200.0,38.0,25.0,1.235,1.435,0.0,0.0,25.0,0.0,
21,2020-03-17,Brazil,321.0,121.0,41.0,1.605,1.4869999999999999,0.0,0.0,41.0,0.0,
22,2020-03-18,Brazil,372.0,51.0,48.0,1.159,1.4769999999999999,131.0,131.0,48.0,0.0,
23,2020-03-19,Brazil,621.0,249.0,81.0,1.669,1.52,622.0,491.0,81.0,4.748,
24,2020-03-20,Brazil,793.0,172.0,92.0,1.2770000000000001,1.288,1143.0,521.0,92.0,1.838,1.0
25,2020-03-21,Brazil,1021.0,228.0,124.0,1.288,1.324,1696.0,553.0,124.0,1.484,1.153
26,2020-03-22,Brazil,1593.0,572.0,204.0,1.56,1.399,2282.0,586.0,204.0,1.346,1.345
27,2020-03-23,Brazil,1924.0,331.0,246.0,1.208,1.395,2903.0,621.0,246.0,1.272,1.527
28,2020-03-24,Brazil,2247.0,323.0,275.0,1.168,1.3330000000000002,3562.0,659.0,275.0,1.227,1.702
29,2020-03-25,Brazil,2554.0,307.0,312.0,1.137,1.33,4261.0,699.0,312.0,1.196,1.873
30,2020-03-26,Brazil,2985.0,431.0,338.0,1.169,1.258,5002.0,741.0,338.0,1.174,1.362
31,2020-03-27,Brazil,3417.0,432.0,375.0,1.145,1.239,5788.0,786.0,375.0,1.157,1.265
32,2020-03-28,Brazil,3904.0,487.0,412.0,1.143,1.219,6621.0,833.0,412.0,1.144,1.217
33,2020-03-29,Brazil,4256.0,352.0,380.0,1.09,1.151,7505.0,884.0,380.0,1.134,1.186
34,2020-03-30,Brazil,4579.0,323.0,379.0,1.0759999999999998,1.133,8442.0,937.0,379.0,1.125,1.165
35,2020-03-31,Brazil,5717.0,1138.0,496.0,1.249,1.1440000000000001,9436.0,994.0,496.0,1.118,1.15
36,2020-04-01,Brazil,6836.0,1119.0,612.0,1.196,1.153,10489.0,1053.0,612.0,1.112,1.138
37,2020-04-02,Brazil,8044.0,1208.0,723.0,1.177,1.1540000000000001,11606.0,1117.0,723.0,1.106,1.128
38,2020-04-03,Brazil,9056.0,1012.0,806.0,1.126,1.151,12791.0,1185.0,806.0,1.102,1.12
39,2020-04-04,Brazil,10360.0,1304.0,922.0,1.1440000000000001,1.151,14048.0,1257.0,922.0,1.098,1.114
40,2020-04-05,Brazil,11130.0,770.0,982.0,1.074,1.149,15380.0,1332.0,982.0,1.095,1.108
41,2020-04-06,Brazil,12161.0,1031.0,1083.0,1.093,1.151,16792.0,1412.0,1083.0,1.092,1.103
42,2020-04-07,Brazil,14034.0,1873.0,1188.0,1.1540000000000001,1.138,18290.0,1498.0,1188.0,1.089,1.099
43,2020-04-08,Brazil,16170.0,2136.0,1333.0,1.1520000000000001,1.131,19879.0,1589.0,1333.0,1.087,1.096
44,2020-04-09,Brazil,18092.0,1922.0,1435.0,1.119,1.123,21563.0,1684.0,1435.0,1.085,1.093
45,2020-04-10,Brazil,19638.0,1546.0,1512.0,1.085,1.117,23349.0,1786.0,1512.0,1.083,1.09
46,2020-04-11,Brazil,20727.0,1089.0,1481.0,1.055,1.105,25243.0,1894.0,1481.0,1.081,1.087
47,2020-04-12,Brazil,22192.0,1465.0,1580.0,1.071,1.104,27250.0,2007.0,1580.0,1.08,1.085
48,2020-04-13,Brazil,23430.0,1238.0,1610.0,1.056,1.099,29379.0,2129.0,1610.0,1.078,1.083
49,2020-04-14,Brazil,25262.0,1832.0,1604.0,1.078,1.088,31636.0,2257.0,1604.0,1.077,1.082
50,2020-04-15,Brazil,28320.0,3058.0,1736.0,1.121,1.084,34029.0,2393.0,1736.0,1.076,1.08
51,2020-04-16,Brazil,30425.0,2105.0,1762.0,1.074,1.077,36566.0,2537.0,1762.0,1.075,1.079
52,2020-04-17,Brazil,33682.0,3257.0,2006.0,1.107,1.08,39256.0,2690.0,2006.0,1.074,1.077
53,2020-04-18,Brazil,36658.0,2976.0,2276.0,1.088,1.085,42107.0,2851.0,2276.0,1.073,1.076
54,2020-04-19,Brazil,38654.0,1996.0,2352.0,1.054,1.083,45130.0,3023.0,2352.0,1.072,1.075
55,2020-04-20,Brazil,40743.0,2089.0,2473.0,1.054,1.082,48333.0,3203.0,2473.0,1.071,1.074
56,2020-04-21,Brazil,43079.0,2336.0,2545.0,1.057,1.079,51729.0,3396.0,2545.0,1.07,1.073
57,2020-04-22,Brazil,45757.0,2678.0,2491.0,1.062,1.071,55328.0,3599.0,2491.0,1.07,1.072
58,2020-04-23,Brazil,50036.0,4279.0,2802.0,1.094,1.074,59141.0,3813.0,2802.0,1.069,1.071
59,2020-04-24,Brazil,54043.0,4007.0,2909.0,1.08,1.07,63181.0,4040.0,2909.0,1.068,1.07
60,2020-04-25,Brazil,59324.0,5281.0,3238.0,1.0979999999999999,1.071,67462.0,4281.0,3238.0,1.068,1.07
61,2020-04-26,Brazil,63100.0,3776.0,3492.0,1.064,1.073,71996.0,4534.0,3492.0,1.067,1.069
62,2020-04-27,Brazil,67446.0,4346.0,3815.0,1.069,1.075,76798.0,4802.0,3815.0,1.067,1.068
63,2020-04-28,Brazil,73235.0,5789.0,4308.0,1.0859999999999999,1.079,81882.0,5084.0,4308.0,1.066,1.068
64,2020-04-29,Brazil,79685.0,6450.0,4847.0,1.088,1.083,87264.0,5382.0,4847.0,1.066,1.067
65,2020-04-30,Brazil,87187.0,7502.0,5307.0,1.094,1.083,92958.0,5694.0,5307.0,1.065,1.067
66,2020-05-01,Brazil,92202.0,5015.0,5451.0,1.058,1.08,98982.0,6024.0,5451.0,1.065,1.066
67,2020-05-02,Brazil,97100.0,4898.0,5397.0,1.053,1.073,105352.0,6370.0,5397.0,1.064,1.066
68,2020-05-03,Brazil,101826.0,4726.0,5532.0,1.0490000000000002,1.071,112084.0,6732.0,5532.0,1.064,1.065
69,2020-05-04,Brazil,108620.0,6794.0,5882.0,1.067,1.071,119194.0,7110.0,5882.0,1.063,1.065
70,2020-05-05,Brazil,115455.0,6835.0,6031.0,1.063,1.067,126699.0,7505.0,6031.0,1.063,1.064
71,2020-05-06,Brazil,126611.0,11156.0,6704.0,1.097,1.069,134615.0,7916.0,6704.0,1.062,1.064
72,2020-05-07,Brazil,135773.0,9162.0,6941.0,1.072,1.0659999999999998,142957.0,8342.0,6941.0,1.062,1.063
73,2020-05-08,Brazil,146894.0,11121.0,7813.0,1.082,1.069,151739.0,8782.0,7813.0,1.061,1.063
74,2020-05-09,Brazil,156061.0,9167.0,8423.0,1.062,1.07,160972.0,9233.0,8423.0,1.061,1.062
75,2020-05-10,Brazil,162699.0,6638.0,8696.0,1.043,1.069,170666.0,9694.0,8696.0,1.06,1.062
76,2020-05-11,Brazil,169594.0,6895.0,8711.0,1.042,1.0659999999999998,180829.0,10163.0,8711.0,1.06,1.061
77,2020-05-12,Brazil,178214.0,8620.0,8966.0,1.051,1.064,191462.0,10633.0,8966.0,1.059,1.061
78,2020-05-13,Brazil,190137.0,11923.0,9075.0,1.067,1.06,202565.0,11103.0,9075.0,1.058,1.06
79,2020-05-14,Brazil,203165.0,13028.0,9627.0,1.069,1.0590000000000002,214129.0,11564.0,9627.0,1.057,1.059
80,2020-05-15,Brazil,,,,,,226141.0,12012.0,11321.0,1.056,1.059
81,2020-05-16,Brazil,,,,,,238579.0,12438.0,11788.0,1.055,1.058
82,2020-05-17,Brazil,,,,,,251411.0,12832.0,12673.0,1.054,1.057
83,2020-05-18,Brazil,,,,,,264598.0,13187.0,13572.0,1.052,1.056
84,2020-05-19,Brazil,,,,,,278088.0,13490.0,14268.0,1.051,1.055
85,2020-05-20,Brazil,,,,,,291821.0,13733.0,14526.0,1.049,1.053
86,2020-05-21,Brazil,,,,,,305722.0,13901.0,14651.0,1.048,1.052
87,2020-05-22,Brazil,,,,,,319712.0,13990.0,13367.0,1.046,1.051
88,2020-05-23,Brazil,,,,,,333697.0,13985.0,13588.0,1.044,1.049
89,2020-05-24,Brazil,,,,,,347582.0,13885.0,13739.0,1.042,1.047
90,2020-05-25,Brazil,,,,,,361264.0,13682.0,13809.0,1.039,1.046
91,2020-05-26,Brazil,,,,,,374640.0,13376.0,13793.0,1.037,1.044
92,2020-05-27,Brazil,,,,,,387612.0,12972.0,13684.0,1.035,1.042
93,2020-05-28,Brazil,,,,,,400087.0,12475.0,13481.0,1.032,1.039
94,2020-05-29,Brazil,,,,,,411982.0,11895.0,13181.0,1.03,1.037
95,2020-05-30,Brazil,,,,,,423228.0,11246.0,12790.0,1.027,1.035
96,2020-05-31,Brazil,,,,,,433770.0,10542.0,12313.0,1.025,1.032
97,2020-06-01,Brazil,,,,,,443571.0,9801.0,11758.0,1.023,1.03
98,2020-06-02,Brazil,,,,,,452611.0,9040.0,11139.0,1.02,1.027
99,2020-06-03,Brazil,,,,,,460885.0,8274.0,10468.0,1.018,1.025
100,2020-06-04,Brazil,,,,,,468404.0,7519.0,9760.0,1.016,1.023
101,2020-06-05,Brazil,,,,,,475191.0,6787.0,9030.0,1.014,1.02
102,2020-06-06,Brazil,,,,,,481277.0,6086.0,8293.0,1.013,1.018
103,2020-06-07,Brazil,,,,,,486706.0,5429.0,7562.0,1.011,1.016
104,2020-06-08,Brazil,,,,,,491522.0,4816.0,6850.0,1.01,1.015
105,2020-06-09,Brazil,,,,,,495774.0,4252.0,6166.0,1.009,1.013
106,2020-06-10,Brazil,,,,,,499512.0,3738.0,5518.0,1.008,1.012
107,2020-06-11,Brazil,,,,,,502787.0,3275.0,4912.0,1.007,1.01
108,2020-06-12,Brazil,,,,,,505646.0,2859.0,4351.0,1.006,1.009
109,2020-06-13,Brazil,,,,,,508135.0,2489.0,3837.0,1.005,1.008
110,2020-06-14,Brazil,,,,,,510295.0,2160.0,3370.0,1.004,1.007
111,2020-06-15,Brazil,,,,,,512167.0,1872.0,2949.0,1.004,1.006
112,2020-06-16,Brazil,,,,,,513785.0,1618.0,2573.0,1.003,1.005
113,2020-06-17,Brazil,,,,,,515181.0,1396.0,2238.0,1.003,1.005
114,2020-06-18,Brazil,,,,,,516384.0,1203.0,1942.0,1.002,1.004
115,2020-06-19,Brazil,,,,,,517419.0,1035.0,1682.0,1.002,1.003
116,2020-06-20,Brazil,,,,,,518309.0,890.0,1453.0,1.002,1.003
117,2020-06-21,Brazil,,,,,,519074.0,765.0,1254.0,1.001,1.002
118,2020-06-22,Brazil,,,,,,519730.0,656.0,1080.0,1.001,1.002
119,2020-06-23,Brazil,,,,,,520292.0,562.0,930.0,1.001,1.002
120,2020-06-24,Brazil,,,,,,520774.0,482.0,799.0,1.001,1.001
121,2020-06-25,Brazil,,,,,,521187.0,413.0,686.0,1.001,1.001
122,2020-06-26,Brazil,,,,,,521541.0,354.0,589.0,1.001,1.001
123,2020-06-27,Brazil,,,,,,521843.0,302.0,505.0,1.001,1.001
124,2020-06-28,Brazil,,,,,,522102.0,259.0,433.0,1.0,1.001
125,2020-06-29,Brazil,,,,,,522323.0,221.0,370.0,1.0,1.001
126,2020-06-30,Brazil,,,,,,522513.0,190.0,317.0,1.0,1.001
127,2020-07-01,Brazil,,,,,,522674.0,161.0,271.0,1.0,1.0
128,2020-07-02,Brazil,,,,,,522813.0,139.0,232.0,1.0,1.0
129,2020-07-03,Brazil,,,,,,522931.0,118.0,199.0,1.0,1.0
130,2020-07-04,Brazil,,,,,,523032.0,101.0,170.0,1.0,1.0
131,2020-07-05,Brazil,,,,,,523118.0,86.0,145.0,1.0,1.0
132,2020-07-06,Brazil,,,,,,523192.0,74.0,124.0,1.0,1.0
133,2020-07-07,Brazil,,,,,,523255.0,63.0,106.0,1.0,1.0
134,2020-07-08,Brazil,,,,,,523309.0,54.0,91.0,1.0,1.0
135,2020-07-09,Brazil,,,,,,523355.0,46.0,77.0,1.0,1.0
136,2020-07-10,Brazil,,,,,,523394.0,39.0,66.0,1.0,1.0
137,2020-07-11,Brazil,,,,,,523427.0,33.0,56.0,1.0,1.0
138,2020-07-12,Brazil,,,,,,523456.0,29.0,48.0,1.0,1.0
139,2020-07-13,Brazil,,,,,,523481.0,25.0,41.0,1.0,1.0
140,2020-07-14,Brazil,,,,,,523501.0,20.0,35.0,1.0,1.0
141,2020-07-15,Brazil,,,,,,523519.0,18.0,30.0,1.0,1.0
142,2020-07-16,Brazil,,,,,,523534.0,15.0,26.0,1.0,1.0
143,2020-07-17,Brazil,,,,,,523547.0,13.0,22.0,1.0,1.0
144,2020-07-18,Brazil,,,,,,523559.0,12.0,19.0,1.0,1.0
145,2020-07-19,Brazil,,,,,,523568.0,9.0,16.0,1.0,1.0
146,2020-07-20,Brazil,,,,,,523576.0,8.0,14.0,1.0,1.0
147,2020-07-21,Brazil,,,,,,523583.0,7.0,12.0,1.0,1.0
148,2020-07-22,Brazil,,,,,,523589.0,6.0,10.0,1.0,1.0
149,2020-07-23,Brazil,,,,,,523594.0,5.0,9.0,1.0,1.0
150,2020-07-24,Brazil,,,,,,523598.0,4.0,7.0,1.0,1.0
151,2020-07-25,Brazil,,,,,,523602.0,4.0,6.0,1.0,1.0
152,2020-07-26,Brazil,,,,,,523605.0,3.0,5.0,1.0,1.0
153,2020-07-27,Brazil,,,,,,523608.0,3.0,5.0,1.0,1.0
154,2020-07-28,Brazil,,,,,,523610.0,2.0,4.0,1.0,1.0
155,2020-07-29,Brazil,,,,,,523612.0,2.0,3.0,1.0,1.0
156,2020-07-30,Brazil,,,,,,523614.0,2.0,3.0,1.0,1.0
157,2020-07-31,Brazil,,,,,,523615.0,1.0,2.0,1.0,1.0
158,2020-08-01,Brazil,,,,,,523616.0,1.0,2.0,1.0,1.0
159,2020-08-02,Brazil,,,,,,523617.0,1.0,2.0,1.0,1.0
160,2020-08-03,Brazil,,,,,,523618.0,1.0,1.0,1.0,1.0
161,2020-08-04,Brazil,,,,,,523619.0,1.0,1.0,1.0,1.0
162,2020-08-05,Brazil,,,,,,523620.0,1.0,1.0,1.0,1.0
163,2020-08-06,Brazil,,,,,,523620.0,0.0,1.0,1.0,1.0
164,2020-08-07,Brazil,,,,,,523621.0,1.0,1.0,1.0,1.0
165,2020-08-08,Brazil,,,,,,523621.0,0.0,1.0,1.0,1.0
166,2020-08-09,Brazil,,,,,,523621.0,0.0,1.0,1.0,1.0
167,2020-08-10,Brazil,,,,,,523622.0,1.0,1.0,1.0,1.0
168,2020-08-11,Brazil,,,,,,523622.0,0.0,0.0,1.0,1.0
169,2020-08-12,Brazil,,,,,,523622.0,0.0,0.0,1.0,1.0
170,2020-08-13,Brazil,,,,,,523622.0,0.0,0.0,1.0,1.0
171,2020-08-14,Brazil,,,,,,523623.0,1.0,0.0,1.0,1.0
172,2020-08-15,Brazil,,,,,,523623.0,0.0,0.0,1.0,1.0
173,2020-08-16,Brazil,,,,,,523623.0,0.0,0.0,1.0,1.0
174,2020-08-17,Brazil,,,,,,523623.0,0.0,0.0,1.0,1.0
175,2020-08-18,Brazil,,,,,,523623.0,0.0,0.0,1.0,1.0
176,2020-08-19,Brazil,,,,,,523623.0,0.0,0.0,1.0,1.0
177,2020-08-20,Brazil,,,,,,523623.0,0.0,0.0,1.0,1.0
178,2020-08-21,Brazil,,,,,,523623.0,0.0,0.0,1.0,1.0
179,2020-08-22,Brazil,,,,,,523623.0,0.0,0.0,1.0,1.0
180,2020-08-23,Brazil,,,,,,523623.0,0.0,0.0,1.0,1.0
181,2020-08-24,Brazil,,,,,,523623.0,0.0,0.0,1.0,1.0
182,2020-08-25,Brazil,,,,,,523623.0,0.0,0.0,1.0,1.0
183,2020-08-26,Brazil,,,,,,523623.0,0.0,0.0,1.0,1.0
184,2020-08-27,Brazil,,,,,,523623.0,0.0,0.0,1.0,1.0
185,2020-08-28,Brazil,,,,,,523623.0,0.0,0.0,1.0,1.0
186,2020-08-29,Brazil,,,,,,523623.0,0.0,0.0,1.0,1.0
187,2020-08-30,Brazil,,,,,,523623.0,0.0,0.0,1.0,1.0
188,2020-08-31,Brazil,,,,,,523623.0,0.0,0.0,1.0,1.0
189,2020-09-01,Brazil,,,,,,523623.0,0.0,0.0,1.0,1.0
190,2020-09-02,Brazil,,,,,,523623.0,0.0,0.0,1.0,1.0
191,2020-09-03,Brazil,,,,,,523623.0,0.0,0.0,1.0,1.0
192,2020-09-04,Brazil,,,,,,523623.0,0.0,0.0,1.0,1.0
193,2020-09-05,Brazil,,,,,,523623.0,0.0,0.0,1.0,1.0
194,2020-09-06,Brazil,,,,,,523623.0,0.0,0.0,1.0,1.0
195,2020-09-07,Brazil,,,,,,523623.0,0.0,0.0,1.0,1.0
196,2020-09-08,Brazil,,,,,,523623.0,0.0,0.0,1.0,1.0
197,2020-09-09,Brazil,,,,,,523623.0,0.0,0.0,1.0,1.0
198,2020-09-10,Brazil,,,,,,523623.0,0.0,0.0,1.0,1.0
199,2020-09-11,Brazil,,,,,,523623.0,0.0,0.0,1.0,1.0
200,2020-09-12,Brazil,,,,,,523623.0,0.0,0.0,1.0,1.0
201,2020-09-13,Brazil,,,,,,523623.0,0.0,0.0,1.0,1.0
202,2020-09-14,Brazil,,,,,,523623.0,0.0,0.0,1.0,1.0
203,2020-09-15,Brazil,,,,,,523623.0,0.0,0.0,1.0,1.0
204,2020-09-16,Brazil,,,,,,523623.0,0.0,0.0,1.0,1.0
205,2020-09-17,Brazil,,,,,,523623.0,0.0,0.0,1.0,1.0
206,2020-09-18,Brazil,,,,,,523623.0,0.0,0.0,1.0,1.0
207,2020-09-19,Brazil,,,,,,523623.0,0.0,0.0,1.0,1.0
208,2020-09-20,Brazil,,,,,,523623.0,0.0,0.0,1.0,1.0
209,2020-09-21,Brazil,,,,,,523623.0,0.0,0.0,1.0,1.0
210,2020-09-22,Brazil,,,,,,523623.0,0.0,0.0,1.0,1.0
211,2020-09-23,Brazil,,,,,,523623.0,0.0,0.0,1.0,1.0
212,2020-09-24,Brazil,,,,,,523623.0,0.0,0.0,1.0,1.0
213,2020-09-25,Brazil,,,,,,523623.0,0.0,0.0,1.0,1.0
214,2020-09-26,Brazil,,,,,,523623.0,0.0,0.0,1.0,1.0
215,2020-09-27,Brazil,,,,,,523623.0,0.0,0.0,1.0,1.0
216,2020-09-28,Brazil,,,,,,523623.0,0.0,0.0,1.0,1.0
