,date,country,confirmed,new_confirmed,new_conf_avg_7,growth,growth_avg_7,predict,new_predict,new_pred_avg_7,p_growth,p_gr_avg_7
0,2020-01-23,Malaysia,0.0,0.0,,0.0,1.0,,,,,
1,2020-01-25,Malaysia,3.0,3.0,,0.0,1.0,,,,,
2,2020-01-26,Malaysia,4.0,1.0,,1.3330000000000002,1.0,,,,,
3,2020-01-27,Malaysia,4.0,0.0,,1.0,1.0,,,,,
4,2020-01-28,Malaysia,5.0,1.0,,1.25,1.0,,,,,
5,2020-01-29,Malaysia,7.0,2.0,,1.4,1.0,,,,,
6,2020-01-30,Malaysia,8.0,1.0,1.0,1.143,1.0,,,,,
7,2020-01-31,Malaysia,8.0,0.0,1.0,1.0,1.018,,,1.0,,
8,2020-02-01,Malaysia,8.0,0.0,1.0,1.0,1.161,,,1.0,,
9,2020-02-02,Malaysia,8.0,0.0,1.0,1.0,1.113,,,1.0,,
10,2020-02-03,Malaysia,9.0,1.0,1.0,1.125,1.131,,,1.0,,
11,2020-02-04,Malaysia,10.0,1.0,1.0,1.111,1.111,,,1.0,,
12,2020-02-05,Malaysia,12.0,2.0,1.0,1.2,1.083,,,1.0,,
13,2020-02-06,Malaysia,12.0,0.0,1.0,1.0,1.062,,,1.0,,
14,2020-02-07,Malaysia,14.0,2.0,1.0,1.167,1.0859999999999999,,,1.0,,
15,2020-02-08,Malaysia,16.0,2.0,1.0,1.143,1.107,,,1.0,,
16,2020-02-09,Malaysia,17.0,1.0,1.0,1.062,1.115,,,1.0,,
17,2020-02-10,Malaysia,18.0,1.0,1.0,1.0590000000000002,1.1059999999999999,,,1.0,,
18,2020-02-11,Malaysia,18.0,0.0,1.0,1.0,1.09,,,1.0,,
19,2020-02-12,Malaysia,18.0,0.0,1.0,1.0,1.062,,,1.0,,
20,2020-02-13,Malaysia,19.0,1.0,1.0,1.056,1.07,,,1.0,,
21,2020-02-14,Malaysia,20.0,1.0,1.0,1.053,1.053,,,1.0,,
22,2020-02-15,Malaysia,22.0,2.0,1.0,1.1,1.047,,,1.0,,
23,2020-02-16,Malaysia,22.0,0.0,1.0,1.0,1.038,,,1.0,,
24,2020-02-17,Malaysia,22.0,0.0,1.0,1.0,1.03,,,1.0,,
25,2020-02-18,Malaysia,22.0,0.0,1.0,1.0,1.03,,,1.0,,
26,2020-02-19,Malaysia,22.0,0.0,1.0,1.0,1.03,,,1.0,,
27,2020-02-20,Malaysia,22.0,0.0,0.0,1.0,1.022,,,0.0,,
28,2020-02-21,Malaysia,22.0,0.0,0.0,1.0,1.014,,,0.0,,
29,2020-02-22,Malaysia,22.0,0.0,0.0,1.0,1.0,,,0.0,,
30,2020-02-23,Malaysia,22.0,0.0,0.0,1.0,1.0,,,0.0,,
31,2020-02-24,Malaysia,22.0,0.0,0.0,1.0,1.0,,,0.0,,
32,2020-02-25,Malaysia,22.0,0.0,0.0,1.0,1.0,,,0.0,,
33,2020-02-26,Malaysia,22.0,0.0,0.0,1.0,1.0,,,0.0,,
34,2020-02-27,Malaysia,23.0,1.0,0.0,1.045,1.006,,,0.0,,
35,2020-02-28,Malaysia,24.0,1.0,0.0,1.043,1.013,,,0.0,,
36,2020-02-29,Malaysia,25.0,1.0,0.0,1.042,1.0190000000000001,,,0.0,,
37,2020-03-01,Malaysia,29.0,4.0,1.0,1.16,1.041,,,1.0,,
38,2020-03-02,Malaysia,32.0,3.0,1.0,1.103,1.056,,,1.0,,
39,2020-03-03,Malaysia,36.0,4.0,2.0,1.125,1.074,,,2.0,,
40,2020-03-04,Malaysia,50.0,14.0,4.0,1.389,1.13,,,4.0,,
41,2020-03-05,Malaysia,66.0,16.0,6.0,1.32,1.169,,,6.0,,
42,2020-03-06,Malaysia,83.0,17.0,8.0,1.258,1.2,,,8.0,,
43,2020-03-07,Malaysia,93.0,10.0,10.0,1.12,1.2109999999999999,,,10.0,,
44,2020-03-08,Malaysia,99.0,6.0,10.0,1.065,1.197,,,10.0,,
45,2020-03-09,Malaysia,117.0,18.0,12.0,1.182,1.208,,,12.0,,
46,2020-03-10,Malaysia,129.0,12.0,13.0,1.103,1.205,84.0,,13.0,,
47,2020-03-11,Malaysia,149.0,20.0,14.0,1.155,1.172,153.0,69.0,14.0,1.821,
48,2020-03-12,Malaysia,173.0,24.0,15.0,1.161,1.149,231.0,78.0,15.0,1.51,
49,2020-03-13,Malaysia,197.0,24.0,16.0,1.139,1.1320000000000001,318.0,87.0,16.0,1.377,
50,2020-03-14,Malaysia,238.0,41.0,21.0,1.208,1.145,415.0,97.0,21.0,1.305,
51,2020-03-15,Malaysia,428.0,190.0,47.0,1.798,1.249,520.0,105.0,47.0,1.253,
52,2020-03-16,Malaysia,566.0,138.0,64.0,1.3219999999999998,1.2690000000000001,635.0,115.0,64.0,1.221,
53,2020-03-17,Malaysia,673.0,107.0,78.0,1.189,1.2819999999999998,758.0,123.0,78.0,1.194,1.383
54,2020-03-18,Malaysia,790.0,117.0,92.0,1.1740000000000002,1.284,889.0,131.0,92.0,1.173,1.29
55,2020-03-19,Malaysia,900.0,110.0,104.0,1.139,1.281,1028.0,139.0,104.0,1.156,1.24
56,2020-03-20,Malaysia,1030.0,130.0,119.0,1.1440000000000001,1.2819999999999998,1173.0,145.0,119.0,1.141,1.206
57,2020-03-21,Malaysia,1183.0,153.0,135.0,1.149,1.274,1325.0,152.0,135.0,1.13,1.181
58,2020-03-22,Malaysia,1306.0,123.0,125.0,1.104,1.1740000000000002,1482.0,157.0,125.0,1.118,1.162
59,2020-03-23,Malaysia,1518.0,212.0,136.0,1.162,1.1520000000000001,1644.0,162.0,136.0,1.109,1.146
60,2020-03-24,Malaysia,1624.0,106.0,136.0,1.07,1.135,1809.0,165.0,136.0,1.1,1.132
61,2020-03-25,Malaysia,1796.0,172.0,144.0,1.1059999999999999,1.125,1977.0,168.0,144.0,1.093,1.121
62,2020-03-26,Malaysia,2031.0,235.0,162.0,1.131,1.124,2148.0,171.0,162.0,1.086,1.111
63,2020-03-27,Malaysia,2161.0,130.0,162.0,1.064,1.112,2319.0,171.0,162.0,1.08,1.102
64,2020-03-28,Malaysia,2320.0,159.0,162.0,1.074,1.102,2491.0,172.0,162.0,1.074,1.094
65,2020-03-29,Malaysia,2470.0,150.0,166.0,1.065,1.0959999999999999,2663.0,172.0,166.0,1.069,1.087
66,2020-03-30,Malaysia,2626.0,156.0,158.0,1.063,1.082,2833.0,170.0,158.0,1.064,1.081
67,2020-03-31,Malaysia,2766.0,140.0,163.0,1.053,1.079,3002.0,169.0,163.0,1.06,1.075
68,2020-04-01,Malaysia,2908.0,142.0,159.0,1.051,1.072,3169.0,167.0,159.0,1.056,1.07
69,2020-04-02,Malaysia,3116.0,208.0,155.0,1.072,1.063,3333.0,164.0,155.0,1.052,1.065
70,2020-04-03,Malaysia,3333.0,217.0,167.0,1.07,1.064,3494.0,161.0,167.0,1.048,1.06
71,2020-04-04,Malaysia,3483.0,150.0,166.0,1.045,1.06,3651.0,157.0,166.0,1.045,1.056
72,2020-04-05,Malaysia,3662.0,179.0,170.0,1.051,1.058,3804.0,153.0,170.0,1.042,1.052
73,2020-04-06,Malaysia,3793.0,131.0,167.0,1.036,1.054,3952.0,148.0,167.0,1.039,1.049
74,2020-04-07,Malaysia,3963.0,170.0,171.0,1.045,1.053,4096.0,144.0,171.0,1.036,1.045
75,2020-04-08,Malaysia,4119.0,156.0,173.0,1.0390000000000001,1.051,4236.0,140.0,173.0,1.034,1.042
76,2020-04-09,Malaysia,4228.0,109.0,159.0,1.026,1.045,4370.0,134.0,159.0,1.032,1.039
77,2020-04-10,Malaysia,4346.0,118.0,145.0,1.028,1.0390000000000001,4500.0,130.0,145.0,1.03,1.037
78,2020-04-11,Malaysia,4530.0,184.0,150.0,1.042,1.038,4625.0,125.0,150.0,1.028,1.034
79,2020-04-12,Malaysia,4683.0,153.0,146.0,1.034,1.036,4744.0,119.0,146.0,1.026,1.032
80,2020-04-13,Malaysia,4817.0,134.0,146.0,1.0290000000000001,1.035,4859.0,115.0,146.0,1.024,1.03
81,2020-04-14,Malaysia,4987.0,170.0,146.0,1.035,1.033,4968.0,109.0,146.0,1.022,1.028
82,2020-04-15,Malaysia,5072.0,85.0,136.0,1.0170000000000001,1.03,5073.0,105.0,136.0,1.021,1.026
83,2020-04-16,Malaysia,5182.0,110.0,136.0,1.022,1.03,5173.0,100.0,136.0,1.02,1.024
84,2020-04-17,Malaysia,5251.0,69.0,129.0,1.013,1.0270000000000001,5268.0,95.0,129.0,1.018,1.023
85,2020-04-18,Malaysia,5305.0,54.0,111.0,1.01,1.023,5358.0,90.0,111.0,1.017,1.021
86,2020-04-19,Malaysia,5389.0,84.0,101.0,1.016,1.02,5444.0,86.0,101.0,1.016,1.02
87,2020-04-20,Malaysia,5425.0,36.0,87.0,1.0070000000000001,1.0170000000000001,5526.0,82.0,87.0,1.015,1.018
88,2020-04-21,Malaysia,5482.0,57.0,71.0,1.011,1.014,5603.0,77.0,71.0,1.014,1.017
89,2020-04-22,Malaysia,5532.0,50.0,66.0,1.0090000000000001,1.013,5676.0,73.0,66.0,1.013,1.016
90,2020-04-23,Malaysia,5603.0,71.0,60.0,1.013,1.011,5746.0,70.0,60.0,1.012,1.015
91,2020-04-24,Malaysia,5691.0,88.0,63.0,1.016,1.012,5811.0,65.0,63.0,1.011,1.014
92,2020-04-25,Malaysia,5742.0,51.0,62.0,1.0090000000000001,1.012,5873.0,62.0,62.0,1.011,1.013
93,2020-04-26,Malaysia,5780.0,38.0,56.0,1.0070000000000001,1.01,5932.0,59.0,56.0,1.01,1.012
94,2020-04-27,Malaysia,5820.0,40.0,56.0,1.0070000000000001,1.01,5987.0,55.0,56.0,1.009,1.011
95,2020-04-28,Malaysia,5851.0,31.0,53.0,1.005,1.0090000000000001,6039.0,52.0,53.0,1.009,1.011
96,2020-04-29,Malaysia,5945.0,94.0,59.0,1.016,1.01,6088.0,49.0,59.0,1.008,1.01
97,2020-04-30,Malaysia,6002.0,57.0,57.0,1.01,1.01,6135.0,47.0,57.0,1.008,1.009
98,2020-05-01,Malaysia,6071.0,69.0,54.0,1.011,1.0090000000000001,6178.0,43.0,54.0,1.007,1.009
99,2020-05-02,Malaysia,6176.0,105.0,62.0,1.0170000000000001,1.01,6219.0,41.0,62.0,1.007,1.008
100,2020-05-03,Malaysia,6298.0,122.0,74.0,1.02,1.012,6258.0,39.0,74.0,1.006,1.008
101,2020-05-04,Malaysia,6353.0,55.0,76.0,1.0090000000000001,1.013,6294.0,36.0,76.0,1.006,1.007
102,2020-05-05,Malaysia,6383.0,30.0,76.0,1.005,1.013,6328.0,34.0,76.0,1.005,1.007
103,2020-05-06,Malaysia,6428.0,45.0,69.0,1.0070000000000001,1.011,6361.0,33.0,69.0,1.005,1.006
104,2020-05-07,Malaysia,6467.0,39.0,66.0,1.006,1.011,6391.0,30.0,66.0,1.005,1.006
105,2020-05-08,Malaysia,6535.0,68.0,66.0,1.011,1.011,6419.0,28.0,66.0,1.004,1.005
106,2020-05-09,Malaysia,6589.0,54.0,59.0,1.008,1.0090000000000001,6446.0,27.0,59.0,1.004,1.005
107,2020-05-10,Malaysia,6656.0,67.0,51.0,1.01,1.008,6471.0,25.0,51.0,1.004,1.005
108,2020-05-11,Malaysia,6726.0,70.0,53.0,1.011,1.008,6494.0,23.0,53.0,1.004,1.004
109,2020-05-12,Malaysia,6742.0,16.0,51.0,1.002,1.008,6516.0,22.0,51.0,1.003,1.004
110,2020-05-13,Malaysia,6779.0,37.0,50.0,1.005,1.008,6536.0,20.0,50.0,1.003,1.004
111,2020-05-14,Malaysia,6819.0,40.0,50.0,1.006,1.008,6556.0,20.0,50.0,1.003,1.004
112,2020-05-15,Malaysia,6855.0,36.0,46.0,1.005,1.0070000000000001,6574.0,18.0,46.0,1.003,1.003
113,2020-05-16,Malaysia,6872.0,17.0,40.0,1.002,1.006,6591.0,17.0,40.0,1.003,1.003
114,2020-05-17,Malaysia,6894.0,22.0,34.0,1.003,1.005,6607.0,16.0,34.0,1.002,1.003
115,2020-05-18,Malaysia,,,,,,6622.0,15.0,-15.0,1.002,1.003
116,2020-05-19,Malaysia,,,,,,6636.0,14.0,-15.0,1.002,1.003
117,2020-05-20,Malaysia,,,,,,6649.0,13.0,-19.0,1.002,1.002
118,2020-05-21,Malaysia,,,,,,6661.0,12.0,-23.0,1.002,1.002
119,2020-05-22,Malaysia,,,,,,6672.0,11.0,-26.0,1.002,1.002
120,2020-05-23,Malaysia,,,,,,6683.0,11.0,-27.0,1.002,1.002
121,2020-05-24,Malaysia,,,,,,6693.0,10.0,-29.0,1.001,1.002
122,2020-05-25,Malaysia,,,,,,6702.0,9.0,11.0,1.001,1.002
123,2020-05-26,Malaysia,,,,,,6711.0,9.0,11.0,1.001,1.002
124,2020-05-27,Malaysia,,,,,,6720.0,9.0,10.0,1.001,1.001
125,2020-05-28,Malaysia,,,,,,6727.0,7.0,9.0,1.001,1.001
126,2020-05-29,Malaysia,,,,,,6734.0,7.0,9.0,1.001,1.001
127,2020-05-30,Malaysia,,,,,,6741.0,7.0,8.0,1.001,1.001
128,2020-05-31,Malaysia,,,,,,6748.0,7.0,8.0,1.001,1.001
129,2020-06-01,Malaysia,,,,,,6753.0,5.0,7.0,1.001,1.001
130,2020-06-02,Malaysia,,,,,,6759.0,6.0,7.0,1.001,1.001
131,2020-06-03,Malaysia,,,,,,6764.0,5.0,6.0,1.001,1.001
132,2020-06-04,Malaysia,,,,,,6769.0,5.0,6.0,1.001,1.001
133,2020-06-05,Malaysia,,,,,,6773.0,4.0,6.0,1.001,1.001
134,2020-06-06,Malaysia,,,,,,6778.0,5.0,5.0,1.001,1.001
135,2020-06-07,Malaysia,,,,,,6782.0,4.0,5.0,1.001,1.001
136,2020-06-08,Malaysia,,,,,,6785.0,3.0,5.0,1.0,1.001
137,2020-06-09,Malaysia,,,,,,6789.0,4.0,4.0,1.001,1.001
138,2020-06-10,Malaysia,,,,,,6792.0,3.0,4.0,1.0,1.001
139,2020-06-11,Malaysia,,,,,,6795.0,3.0,4.0,1.0,1.001
140,2020-06-12,Malaysia,,,,,,6798.0,3.0,4.0,1.0,1.0
141,2020-06-13,Malaysia,,,,,,6801.0,3.0,3.0,1.0,1.0
142,2020-06-14,Malaysia,,,,,,6803.0,2.0,3.0,1.0,1.0
143,2020-06-15,Malaysia,,,,,,6805.0,2.0,3.0,1.0,1.0
144,2020-06-16,Malaysia,,,,,,6808.0,3.0,3.0,1.0,1.0
145,2020-06-17,Malaysia,,,,,,6810.0,2.0,3.0,1.0,1.0
146,2020-06-18,Malaysia,,,,,,6811.0,1.0,2.0,1.0,1.0
147,2020-06-19,Malaysia,,,,,,6813.0,2.0,2.0,1.0,1.0
148,2020-06-20,Malaysia,,,,,,6815.0,2.0,2.0,1.0,1.0
149,2020-06-21,Malaysia,,,,,,6816.0,1.0,2.0,1.0,1.0
150,2020-06-22,Malaysia,,,,,,6818.0,2.0,2.0,1.0,1.0
151,2020-06-23,Malaysia,,,,,,6819.0,1.0,2.0,1.0,1.0
152,2020-06-24,Malaysia,,,,,,6821.0,2.0,2.0,1.0,1.0
153,2020-06-25,Malaysia,,,,,,6822.0,1.0,2.0,1.0,1.0
154,2020-06-26,Malaysia,,,,,,6823.0,1.0,1.0,1.0,1.0
155,2020-06-27,Malaysia,,,,,,6824.0,1.0,1.0,1.0,1.0
156,2020-06-28,Malaysia,,,,,,6825.0,1.0,1.0,1.0,1.0
157,2020-06-29,Malaysia,,,,,,6826.0,1.0,1.0,1.0,1.0
158,2020-06-30,Malaysia,,,,,,6827.0,1.0,1.0,1.0,1.0
159,2020-07-01,Malaysia,,,,,,6827.0,0.0,1.0,1.0,1.0
160,2020-07-02,Malaysia,,,,,,6828.0,1.0,1.0,1.0,1.0
161,2020-07-03,Malaysia,,,,,,6829.0,1.0,1.0,1.0,1.0
162,2020-07-04,Malaysia,,,,,,6829.0,0.0,1.0,1.0,1.0
163,2020-07-05,Malaysia,,,,,,6830.0,1.0,1.0,1.0,1.0
164,2020-07-06,Malaysia,,,,,,6831.0,1.0,1.0,1.0,1.0
165,2020-07-07,Malaysia,,,,,,6831.0,0.0,1.0,1.0,1.0
166,2020-07-08,Malaysia,,,,,,6832.0,1.0,1.0,1.0,1.0
167,2020-07-09,Malaysia,,,,,,6832.0,0.0,1.0,1.0,1.0
168,2020-07-10,Malaysia,,,,,,6833.0,1.0,1.0,1.0,1.0
169,2020-07-11,Malaysia,,,,,,6833.0,0.0,1.0,1.0,1.0
170,2020-07-12,Malaysia,,,,,,6833.0,0.0,0.0,1.0,1.0
171,2020-07-13,Malaysia,,,,,,6834.0,1.0,0.0,1.0,1.0
172,2020-07-14,Malaysia,,,,,,6834.0,0.0,0.0,1.0,1.0
173,2020-07-15,Malaysia,,,,,,6834.0,0.0,0.0,1.0,1.0
174,2020-07-16,Malaysia,,,,,,6835.0,1.0,0.0,1.0,1.0
175,2020-07-17,Malaysia,,,,,,6835.0,0.0,0.0,1.0,1.0
176,2020-07-18,Malaysia,,,,,,6835.0,0.0,0.0,1.0,1.0
177,2020-07-19,Malaysia,,,,,,6835.0,0.0,0.0,1.0,1.0
178,2020-07-20,Malaysia,,,,,,6836.0,1.0,0.0,1.0,1.0
179,2020-07-21,Malaysia,,,,,,6836.0,0.0,0.0,1.0,1.0
180,2020-07-22,Malaysia,,,,,,6836.0,0.0,0.0,1.0,1.0
181,2020-07-23,Malaysia,,,,,,6836.0,0.0,0.0,1.0,1.0
182,2020-07-24,Malaysia,,,,,,6836.0,0.0,0.0,1.0,1.0
183,2020-07-25,Malaysia,,,,,,6836.0,0.0,0.0,1.0,1.0
184,2020-07-26,Malaysia,,,,,,6837.0,1.0,0.0,1.0,1.0
185,2020-07-27,Malaysia,,,,,,6837.0,0.0,0.0,1.0,1.0
186,2020-07-28,Malaysia,,,,,,6837.0,0.0,0.0,1.0,1.0
187,2020-07-29,Malaysia,,,,,,6837.0,0.0,0.0,1.0,1.0
188,2020-07-30,Malaysia,,,,,,6837.0,0.0,0.0,1.0,1.0
189,2020-07-31,Malaysia,,,,,,6837.0,0.0,0.0,1.0,1.0
190,2020-08-01,Malaysia,,,,,,6837.0,0.0,0.0,1.0,1.0
191,2020-08-02,Malaysia,,,,,,6837.0,0.0,0.0,1.0,1.0
192,2020-08-03,Malaysia,,,,,,6837.0,0.0,0.0,1.0,1.0
193,2020-08-04,Malaysia,,,,,,6838.0,1.0,0.0,1.0,1.0
194,2020-08-05,Malaysia,,,,,,6838.0,0.0,0.0,1.0,1.0
195,2020-08-06,Malaysia,,,,,,6838.0,0.0,0.0,1.0,1.0
