,date,country,confirmed,new_confirmed,new_conf_avg_7,growth,growth_avg_7,predict,new_predict,new_pred_avg_7,p_growth,p_gr_avg_7
0,2020-01-28,Germany,4.0,4.0,,0.0,1.0,30,,,1.0,
1,2020-01-29,Germany,4.0,0.0,,1.0,1.0,30,0.0,,1.0,
2,2020-01-30,Germany,4.0,0.0,,1.0,1.0,30,0.0,,1.0,
3,2020-01-31,Germany,5.0,1.0,,1.25,1.0,30,0.0,,1.0,
4,2020-02-01,Germany,8.0,8.0,,1.6,1.0070000000000001,30,0.0,,1.0,
5,2020-02-02,Germany,10.0,2.0,,1.25,1.0290000000000001,30,0.0,,1.0,
6,2020-02-03,Germany,12.0,2.0,2.0,1.2,1.043,30,0.0,,1.0,1.0
7,2020-02-04,Germany,12.0,0.0,2.0,1.0,1.186,30,0.0,1.0,1.0,1.0
8,2020-02-05,Germany,12.0,0.0,2.0,1.0,1.186,30,0.0,1.0,1.0,1.0
9,2020-02-06,Germany,12.0,0.0,2.0,1.0,1.186,30,0.0,1.0,1.0,1.0
10,2020-02-07,Germany,12.0,0.0,2.0,1.0,1.15,30,0.0,1.0,1.0,1.0
11,2020-02-08,Germany,13.0,1.0,1.0,1.083,1.0759999999999998,30,0.0,1.0,1.0,1.0
12,2020-02-09,Germany,13.0,0.0,0.0,1.0,1.04,30,0.0,0.0,1.0,1.0
13,2020-02-10,Germany,15.0,2.0,0.0,1.1540000000000001,1.034,30,0.0,0.0,1.0,1.0
14,2020-02-11,Germany,16.0,1.0,1.0,1.067,1.043,30,0.0,1.0,1.0,1.0
15,2020-02-12,Germany,16.0,0.0,1.0,1.0,1.043,30,0.0,1.0,1.0,1.0
16,2020-02-13,Germany,16.0,0.0,1.0,1.0,1.043,31,1.0,1.0,1.033,1.005
17,2020-02-14,Germany,16.0,0.0,1.0,1.0,1.043,31,0.0,1.0,1.0,1.005
18,2020-02-15,Germany,16.0,0.0,0.0,1.0,1.032,31,0.0,0.0,1.0,1.005
19,2020-02-16,Germany,16.0,0.0,0.0,1.0,1.032,31,0.0,0.0,1.0,1.005
20,2020-02-17,Germany,16.0,0.0,0.0,1.0,1.01,31,0.0,0.0,1.0,1.005
21,2020-02-18,Germany,16.0,0.0,0.0,1.0,1.0,31,0.0,0.0,1.0,1.005
22,2020-02-19,Germany,16.0,0.0,0.0,1.0,1.0,31,0.0,0.0,1.0,1.005
23,2020-02-20,Germany,16.0,0.0,0.0,1.0,1.0,32,1.0,0.0,1.032,1.005
24,2020-02-21,Germany,16.0,0.0,0.0,1.0,1.0,33,1.0,0.0,1.031,1.009
25,2020-02-22,Germany,16.0,0.0,0.0,1.0,1.0,34,1.0,0.0,1.03,1.013
26,2020-02-23,Germany,16.0,0.0,0.0,1.0,1.0,36,2.0,0.0,1.059,1.022
27,2020-02-24,Germany,16.0,0.0,0.0,1.0,1.0,39,3.0,0.0,1.083,1.034
28,2020-02-25,Germany,21.0,5.0,1.0,1.3119999999999998,1.045,43,4.0,1.0,1.103,1.048
29,2020-02-26,Germany,27.0,6.0,2.0,1.286,1.085,49,6.0,2.0,1.14,1.068
30,2020-02-27,Germany,46.0,19.0,4.0,1.704,1.186,58,9.0,4.0,1.184,1.09
31,2020-02-28,Germany,62.0,16.0,7.0,1.348,1.236,70,12.0,7.0,1.207,1.115
32,2020-02-29,Germany,79.0,17.0,9.0,1.274,1.275,89,19.0,9.0,1.271,1.15
33,2020-03-01,Germany,130.0,51.0,16.0,1.646,1.367,116,27.0,16.0,1.303,1.184
34,2020-03-02,Germany,159.0,29.0,20.0,1.2229999999999999,1.399,154,38.0,20.0,1.328,1.219
35,2020-03-03,Germany,196.0,37.0,25.0,1.2329999999999999,1.3880000000000001,208,54.0,25.0,1.351,1.255
36,2020-03-04,Germany,262.0,66.0,34.0,1.337,1.395,283,75.0,34.0,1.361,1.286
37,2020-03-05,Germany,482.0,220.0,62.0,1.84,1.4140000000000001,389,106.0,62.0,1.375,1.314
38,2020-03-06,Germany,670.0,188.0,87.0,1.39,1.42,533,144.0,87.0,1.37,1.337
39,2020-03-07,Germany,799.0,129.0,103.0,1.193,1.409,731,198.0,103.0,1.371,1.351
40,2020-03-08,Germany,1040.0,241.0,130.0,1.3019999999999998,1.36,997,266.0,130.0,1.364,1.36
41,2020-03-09,Germany,1176.0,136.0,145.0,1.131,1.347,1351,354.0,145.0,1.355,1.364
42,2020-03-10,Germany,1457.0,281.0,180.0,1.239,1.347,1817,466.0,180.0,1.345,1.363
43,2020-03-11,Germany,1908.0,451.0,235.0,1.31,1.344,2422,605.0,235.0,1.333,1.359
44,2020-03-12,Germany,2791.0,883.0,330.0,1.463,1.29,3198,776.0,330.0,1.32,1.351
45,2020-03-13,Germany,3675.0,884.0,429.0,1.317,1.2790000000000001,4178,980.0,429.0,1.306,1.342
46,2020-03-14,Germany,4585.0,910.0,541.0,1.248,1.287,5398,1220.0,541.0,1.292,1.331
47,2020-03-15,Germany,5795.0,1210.0,679.0,1.264,1.2819999999999998,6896,1498.0,679.0,1.278,1.318
48,2020-03-16,Germany,7272.0,1477.0,871.0,1.255,1.2990000000000002,8707,1811.0,871.0,1.263,1.305
49,2020-03-17,Germany,9257.0,1985.0,1114.0,1.273,1.304,10864,2157.0,1114.0,1.248,1.291
50,2020-03-18,Germany,12327.0,3070.0,1488.0,1.3319999999999999,1.307,13395,2531.0,1488.0,1.233,1.277
51,2020-03-19,Germany,15320.0,2993.0,1790.0,1.2429999999999999,1.276,16320,2925.0,1790.0,1.218,1.263
52,2020-03-20,Germany,19848.0,4528.0,2310.0,1.296,1.273,19650,3330.0,2310.0,1.204,1.248
53,2020-03-21,Germany,22213.0,2365.0,2518.0,1.119,1.255,23385,3735.0,2518.0,1.19,1.233
54,2020-03-22,Germany,24873.0,2660.0,2725.0,1.12,1.234,27513,4128.0,2725.0,1.177,1.219
55,2020-03-23,Germany,29056.0,4183.0,3112.0,1.168,1.222,32012,4499.0,3112.0,1.164,1.205
56,2020-03-24,Germany,32986.0,3930.0,3390.0,1.135,1.202,36849,4837.0,3390.0,1.151,1.191
57,2020-03-25,Germany,37323.0,4337.0,3571.0,1.131,1.173,41980,5131.0,3571.0,1.139,1.178
58,2020-03-26,Germany,43938.0,6615.0,4088.0,1.177,1.1640000000000001,47354,5374.0,4088.0,1.128,1.165
59,2020-03-27,Germany,50871.0,6933.0,4432.0,1.158,1.1440000000000001,52916,5562.0,4432.0,1.117,1.152
60,2020-03-28,Germany,57695.0,6824.0,5069.0,1.1340000000000001,1.146,58605,5689.0,5069.0,1.108,1.141
61,2020-03-29,Germany,62290.0,4595.0,5345.0,1.08,1.14,64362,5757.0,5345.0,1.098,1.129
62,2020-03-30,Germany,66951.0,4661.0,5414.0,1.075,1.127,70128,5766.0,5414.0,1.09,1.119
63,2020-03-31,Germany,72378.0,5427.0,5627.0,1.081,1.119,75849,5721.0,5627.0,1.082,1.109
64,2020-04-01,Germany,78301.0,5923.0,5854.0,1.082,1.112,81473,5624.0,5854.0,1.074,1.1
65,2020-04-02,Germany,84515.0,6214.0,5797.0,1.079,1.0979999999999999,86957,5484.0,5797.0,1.067,1.091
66,2020-04-03,Germany,90443.0,5928.0,5653.0,1.07,1.0859999999999999,92263,5306.0,5653.0,1.061,1.083
67,2020-04-04,Germany,95641.0,5198.0,5421.0,1.057,1.075,97361,5098.0,5421.0,1.055,1.075
68,2020-04-05,Germany,99733.0,4092.0,5349.0,1.043,1.07,102226,4865.0,5349.0,1.05,1.068
69,2020-04-06,Germany,103893.0,4160.0,5277.0,1.042,1.065,106842,4616.0,5277.0,1.045,1.062
70,2020-04-07,Germany,108335.0,4442.0,5137.0,1.043,1.0590000000000002,111196,4354.0,5137.0,1.041,1.056
71,2020-04-08,Germany,112922.0,4587.0,4946.0,1.042,1.054,115284,4088.0,4946.0,1.037,1.051
72,2020-04-09,Germany,117733.0,4811.0,4745.0,1.043,1.0490000000000002,119103,3819.0,4745.0,1.033,1.046
73,2020-04-10,Germany,121544.0,3811.0,4443.0,1.032,1.043,122657,3554.0,4443.0,1.03,1.042
74,2020-04-11,Germany,125012.0,3468.0,4196.0,1.0290000000000001,1.0390000000000001,125951,3294.0,4196.0,1.027,1.038
75,2020-04-12,Germany,127490.0,2478.0,3965.0,1.02,1.036,128993,3042.0,3965.0,1.024,1.034
76,2020-04-13,Germany,129606.0,2116.0,3673.0,1.0170000000000001,1.032,131795,2802.0,3673.0,1.022,1.031
77,2020-04-14,Germany,132412.0,2806.0,3440.0,1.022,1.0290000000000001,134367,2572.0,3440.0,1.02,1.028
78,2020-04-15,Germany,134528.0,2116.0,3087.0,1.016,1.026,136723,2356.0,3087.0,1.018,1.025
79,2020-04-16,Germany,138075.0,3547.0,2906.0,1.026,1.023,138875,2152.0,2906.0,1.016,1.022
80,2020-04-17,Germany,140520.0,2445.0,2711.0,1.018,1.021,140838,1963.0,2711.0,1.014,1.02
81,2020-04-18,Germany,143342.0,2822.0,2619.0,1.02,1.02,142624,1786.0,2619.0,1.013,1.018
82,2020-04-19,Germany,,,,,,144246,1622.0,2394.0,1.011,1.016
83,2020-04-20,Germany,,,,,,145718,1472.0,2302.0,1.01,1.015
84,2020-04-21,Germany,,,,,,147051,1333.0,2091.0,1.009,1.013
85,2020-04-22,Germany,,,,,,148257,1206.0,1961.0,1.008,1.012
86,2020-04-23,Germany,,,,,,149347,1090.0,1610.0,1.007,1.01
87,2020-04-24,Germany,,,,,,150331,984.0,1402.0,1.007,1.009
88,2020-04-25,Germany,,,,,,151219,888.0,1125.0,1.006,1.008
89,2020-04-26,Germany,,,,,,152019,800.0,1110.0,1.005,1.007
90,2020-04-27,Germany,,,,,,152740,721.0,1003.0,1.005,1.007
91,2020-04-28,Germany,,,,,,153388,648.0,905.0,1.004,1.006
92,2020-04-29,Germany,,,,,,153971,583.0,816.0,1.004,1.005
93,2020-04-30,Germany,,,,,,154496,525.0,736.0,1.003,1.005
94,2020-05-01,Germany,,,,,,154967,471.0,662.0,1.003,1.004
95,2020-05-02,Germany,,,,,,155390,423.0,596.0,1.003,1.004
96,2020-05-03,Germany,,,,,,155770,380.0,536.0,1.002,1.003
97,2020-05-04,Germany,,,,,,156111,341.0,482.0,1.002,1.003
98,2020-05-05,Germany,,,,,,156417,306.0,433.0,1.002,1.003
99,2020-05-06,Germany,,,,,,156692,275.0,389.0,1.002,1.002
100,2020-05-07,Germany,,,,,,156938,246.0,349.0,1.002,1.002
101,2020-05-08,Germany,,,,,,157159,221.0,313.0,1.001,1.002
102,2020-05-09,Germany,,,,,,157357,198.0,281.0,1.001,1.002
103,2020-05-10,Germany,,,,,,157534,177.0,252.0,1.001,1.002
104,2020-05-11,Germany,,,,,,157693,159.0,226.0,1.001,1.001
105,2020-05-12,Germany,,,,,,157836,143.0,203.0,1.001,1.001
106,2020-05-13,Germany,,,,,,157963,127.0,182.0,1.001,1.001
107,2020-05-14,Germany,,,,,,158078,115.0,163.0,1.001,1.001
108,2020-05-15,Germany,,,,,,158180,102.0,146.0,1.001,1.001
109,2020-05-16,Germany,,,,,,158272,92.0,131.0,1.001,1.001
110,2020-05-17,Germany,,,,,,158354,82.0,117.0,1.001,1.001
111,2020-05-18,Germany,,,,,,158427,73.0,105.0,1.0,1.001
112,2020-05-19,Germany,,,,,,158493,66.0,94.0,1.0,1.001
113,2020-05-20,Germany,,,,,,158552,59.0,84.0,1.0,1.001
114,2020-05-21,Germany,,,,,,158605,53.0,75.0,1.0,1.0
115,2020-05-22,Germany,,,,,,158652,47.0,67.0,1.0,1.0
116,2020-05-23,Germany,,,,,,158695,43.0,60.0,1.0,1.0
117,2020-05-24,Germany,,,,,,158733,38.0,54.0,1.0,1.0
118,2020-05-25,Germany,,,,,,158767,34.0,49.0,1.0,1.0
119,2020-05-26,Germany,,,,,,158797,30.0,43.0,1.0,1.0
120,2020-05-27,Germany,,,,,,158824,27.0,39.0,1.0,1.0
121,2020-05-28,Germany,,,,,,158848,24.0,35.0,1.0,1.0
122,2020-05-29,Germany,,,,,,158870,22.0,31.0,1.0,1.0
123,2020-05-30,Germany,,,,,,158890,20.0,28.0,1.0,1.0
124,2020-05-31,Germany,,,,,,158907,17.0,25.0,1.0,1.0
125,2020-06-01,Germany,,,,,,158923,16.0,22.0,1.0,1.0
126,2020-06-02,Germany,,,,,,158937,14.0,20.0,1.0,1.0
127,2020-06-03,Germany,,,,,,158949,12.0,18.0,1.0,1.0
128,2020-06-04,Germany,,,,,,158961,12.0,16.0,1.0,1.0
129,2020-06-05,Germany,,,,,,158971,10.0,14.0,1.0,1.0
130,2020-06-06,Germany,,,,,,158980,9.0,13.0,1.0,1.0
131,2020-06-07,Germany,,,,,,158988,8.0,12.0,1.0,1.0
132,2020-06-08,Germany,,,,,,158995,7.0,10.0,1.0,1.0
133,2020-06-09,Germany,,,,,,159001,6.0,9.0,1.0,1.0
134,2020-06-10,Germany,,,,,,159007,6.0,8.0,1.0,1.0
135,2020-06-11,Germany,,,,,,159012,5.0,7.0,1.0,1.0
136,2020-06-12,Germany,,,,,,159017,5.0,7.0,1.0,1.0
137,2020-06-13,Germany,,,,,,159021,4.0,6.0,1.0,1.0
138,2020-06-14,Germany,,,,,,159025,4.0,5.0,1.0,1.0
139,2020-06-15,Germany,,,,,,159028,3.0,5.0,1.0,1.0
140,2020-06-16,Germany,,,,,,159031,3.0,4.0,1.0,1.0
141,2020-06-17,Germany,,,,,,159033,2.0,4.0,1.0,1.0
142,2020-06-18,Germany,,,,,,159036,3.0,3.0,1.0,1.0
143,2020-06-19,Germany,,,,,,159038,2.0,3.0,1.0,1.0
144,2020-06-20,Germany,,,,,,159040,2.0,3.0,1.0,1.0
145,2020-06-21,Germany,,,,,,159042,2.0,2.0,1.0,1.0
146,2020-06-22,Germany,,,,,,159043,1.0,2.0,1.0,1.0
147,2020-06-23,Germany,,,,,,159044,1.0,2.0,1.0,1.0
148,2020-06-24,Germany,,,,,,159046,2.0,2.0,1.0,1.0
149,2020-06-25,Germany,,,,,,159047,1.0,2.0,1.0,1.0
150,2020-06-26,Germany,,,,,,159048,1.0,1.0,1.0,1.0
151,2020-06-27,Germany,,,,,,159049,1.0,1.0,1.0,1.0
152,2020-06-28,Germany,,,,,,159049,0.0,1.0,1.0,1.0
153,2020-06-29,Germany,,,,,,159050,1.0,1.0,1.0,1.0
154,2020-06-30,Germany,,,,,,159051,1.0,1.0,1.0,1.0
155,2020-07-01,Germany,,,,,,159051,0.0,1.0,1.0,1.0
156,2020-07-02,Germany,,,,,,159052,1.0,1.0,1.0,1.0
157,2020-07-03,Germany,,,,,,159052,0.0,1.0,1.0,1.0
158,2020-07-04,Germany,,,,,,159053,1.0,1.0,1.0,1.0
159,2020-07-05,Germany,,,,,,159053,0.0,1.0,1.0,1.0
160,2020-07-06,Germany,,,,,,159053,0.0,0.0,1.0,1.0
161,2020-07-07,Germany,,,,,,159054,1.0,0.0,1.0,1.0
162,2020-07-08,Germany,,,,,,159054,0.0,0.0,1.0,1.0
163,2020-07-09,Germany,,,,,,159054,0.0,0.0,1.0,1.0
164,2020-07-10,Germany,,,,,,159054,0.0,0.0,1.0,1.0
165,2020-07-11,Germany,,,,,,159054,0.0,0.0,1.0,1.0
166,2020-07-12,Germany,,,,,,159055,1.0,0.0,1.0,1.0
167,2020-07-13,Germany,,,,,,159055,0.0,0.0,1.0,1.0
168,2020-07-14,Germany,,,,,,159055,0.0,0.0,1.0,1.0
169,2020-07-15,Germany,,,,,,159055,0.0,0.0,1.0,1.0
170,2020-07-16,Germany,,,,,,159055,0.0,0.0,1.0,1.0
171,2020-07-17,Germany,,,,,,159055,0.0,0.0,1.0,1.0
172,2020-07-18,Germany,,,,,,159055,0.0,0.0,1.0,1.0
173,2020-07-19,Germany,,,,,,159055,0.0,0.0,1.0,1.0
174,2020-07-20,Germany,,,,,,159055,0.0,0.0,1.0,1.0
175,2020-07-21,Germany,,,,,,159055,0.0,0.0,1.0,1.0
176,2020-07-22,Germany,,,,,,159056,1.0,0.0,1.0,1.0
177,2020-07-23,Germany,,,,,,159056,0.0,0.0,1.0,1.0
