,date,country,confirmed,new_confirmed,new_conf_avg_7,growth,growth_avg_7,predict,new_predict,new_pred_avg_7,p_growth,p_gr_avg_7
0,2020-01-22,United States,1.0,1.0,,0.0,1.0,,,,,
1,2020-01-23,United States,1.0,0.0,,1.0,1.0,,,,,
2,2020-01-24,United States,2.0,1.0,,2.0,1.001,,,,,
3,2020-01-25,United States,2.0,0.0,,1.0,1.0,,,,,
4,2020-01-26,United States,5.0,3.0,,2.5,1.215,,,,,
5,2020-01-27,United States,5.0,0.0,,1.0,1.214,,,,,
6,2020-01-28,United States,5.0,0.0,1.0,1.0,1.214,,,,,
7,2020-01-29,United States,5.0,0.0,1.0,1.0,1.357,,,1.0,,
8,2020-01-30,United States,5.0,0.0,1.0,1.0,1.357,,,1.0,,
9,2020-01-31,United States,6.0,1.0,1.0,1.2,1.2429999999999999,,,1.0,,
10,2020-02-01,United States,8.0,2.0,1.0,1.3330000000000002,1.29,,,1.0,,
11,2020-02-02,United States,7.0,-1.0,0.0,0.875,1.058,,,0.0,,
12,2020-02-03,United States,11.0,0.0,0.0,1.571,1.14,,,1.0,,
13,2020-02-04,United States,11.0,0.0,0.0,1.0,1.14,,,1.0,,
14,2020-02-05,United States,12.0,1.0,0.0,1.091,1.153,,,1.0,,
15,2020-02-06,United States,12.0,0.0,0.0,1.0,1.153,,,1.0,,
16,2020-02-07,United States,12.0,0.0,0.0,1.0,1.124,,,1.0,,
17,2020-02-08,United States,12.0,0.0,0.0,1.0,1.077,,,1.0,,
18,2020-02-09,United States,12.0,0.0,0.0,1.0,1.095,,,1.0,,
19,2020-02-10,United States,12.0,0.0,0.0,1.0,1.013,,,0.0,,
20,2020-02-11,United States,13.0,0.0,0.0,1.083,1.025,,,0.0,,
21,2020-02-12,United States,13.0,0.0,0.0,1.0,1.012,,,0.0,,
22,2020-02-13,United States,15.0,1.0,0.0,1.1540000000000001,1.034,,,0.0,,
23,2020-02-14,United States,15.0,0.0,0.0,1.0,1.034,,,0.0,,
24,2020-02-15,United States,15.0,0.0,0.0,1.0,1.034,,,0.0,,
25,2020-02-16,United States,15.0,0.0,0.0,1.0,1.034,,,0.0,,
26,2020-02-17,United States,15.0,0.0,0.0,1.0,1.034,,,0.0,,
27,2020-02-18,United States,15.0,0.0,0.0,1.0,1.022,,,0.0,,
28,2020-02-19,United States,15.0,0.0,0.0,1.0,1.022,,,0.0,,
29,2020-02-20,United States,15.0,0.0,0.0,1.0,1.0,,,0.0,,
30,2020-02-21,United States,36.0,15.0,2.0,2.4,1.2,,,3.0,,
31,2020-02-22,United States,36.0,7.0,3.0,1.0,1.2,,,3.0,,
32,2020-02-23,United States,39.0,0.0,3.0,1.083,1.212,,,3.0,,
33,2020-02-24,United States,53.0,25.0,7.0,1.359,1.263,,,5.0,,
34,2020-02-25,United States,89.0,0.0,7.0,1.679,1.36,,,11.0,,
35,2020-02-26,United States,98.0,6.0,8.0,1.101,1.375,,,12.0,,
36,2020-02-27,United States,102.0,0.0,8.0,1.041,1.38,,,12.0,,
37,2020-02-28,United States,105.0,2.0,6.0,1.0290000000000001,1.185,,,10.0,,
38,2020-02-29,United States,116.0,7.0,6.0,1.105,1.2,,,11.0,,
39,2020-03-01,United States,125.0,5.0,6.0,1.078,1.199,,,12.0,,
40,2020-03-02,United States,168.0,15.0,5.0,1.344,1.197,,,16.0,,
41,2020-03-03,United States,172.0,17.0,7.0,1.024,1.103,,,12.0,,
42,2020-03-04,United States,217.0,18.0,9.0,1.262,1.126,,,17.0,,
43,2020-03-05,United States,316.0,33.0,14.0,1.456,1.185,,,31.0,,
44,2020-03-06,United States,396.0,37.0,19.0,1.253,1.217,,,42.0,,
45,2020-03-07,United States,622.0,66.0,27.0,1.571,1.284,,,72.0,,
46,2020-03-08,United States,856.0,-33.0,22.0,1.376,1.327,,,104.0,,
47,2020-03-09,United States,1303.0,339.0,68.0,1.5219999999999998,1.3519999999999999,1492.0,,162.0,,
48,2020-03-10,United States,964.0,377.0,120.0,0.74,1.311,1541.0,49.0,113.0,1.033,
49,2020-03-11,United States,1290.0,326.0,164.0,1.338,1.3219999999999998,1620.0,79.0,153.0,1.051,
50,2020-03-12,United States,1677.0,383.0,214.0,1.3,1.3,1749.0,129.0,194.0,1.08,
51,2020-03-13,United States,2236.0,554.0,287.0,1.3330000000000002,1.311,1955.0,206.0,263.0,1.118,
52,2020-03-14,United States,2767.0,520.0,352.0,1.237,1.264,2277.0,322.0,306.0,1.165,
53,2020-03-15,United States,3495.0,711.0,459.0,1.263,1.248,2775.0,498.0,377.0,1.219,
54,2020-03-16,United States,4684.0,1135.0,572.0,1.34,1.222,3529.0,754.0,483.0,1.272,1.134
55,2020-03-17,United States,6466.0,1765.0,771.0,1.38,1.3130000000000002,4651.0,1122.0,786.0,1.318,1.175
56,2020-03-18,United States,8719.0,2226.0,1042.0,1.348,1.314,6287.0,1636.0,1061.0,1.352,1.218
57,2020-03-19,United States,13718.0,4960.0,1696.0,1.5730000000000002,1.3530000000000002,8625.0,2338.0,1720.0,1.372,1.259
58,2020-03-20,United States,19235.0,5505.0,2403.0,1.402,1.3630000000000002,11892.0,3267.0,2428.0,1.379,1.297
59,2020-03-21,United States,25684.0,6403.0,3244.0,1.335,1.3769999999999998,16358.0,4466.0,3274.0,1.376,1.327
60,2020-03-22,United States,33369.0,7582.0,4225.0,1.2990000000000002,1.382,22322.0,5964.0,4268.0,1.365,1.348
61,2020-03-23,United States,43683.0,10260.0,5529.0,1.3090000000000002,1.3780000000000001,30102.0,7780.0,5571.0,1.349,1.359
62,2020-03-24,United States,53989.0,10179.0,6731.0,1.236,1.357,40011.0,9909.0,6789.0,1.329,1.36
63,2020-03-25,United States,65817.0,11722.0,8087.0,1.219,1.339,52336.0,12325.0,8157.0,1.308,1.354
64,2020-03-26,United States,83923.0,17967.0,9945.0,1.275,1.296,67308.0,14972.0,10029.0,1.286,1.342
65,2020-03-27,United States,102017.0,18094.0,11744.0,1.216,1.27,85076.0,17768.0,11826.0,1.264,1.325
66,2020-03-28,United States,121629.0,20388.0,13742.0,1.192,1.249,105689.0,20613.0,13706.0,1.242,1.306
67,2020-03-29,United States,141084.0,19313.0,15418.0,1.16,1.23,129081.0,23392.0,15388.0,1.221,1.286
68,2020-03-30,United States,162646.0,21484.0,17021.0,1.153,1.207,155068.0,25987.0,16995.0,1.201,1.264
69,2020-03-31,United States,188014.0,24808.0,19111.0,1.156,1.196,183360.0,28292.0,19146.0,1.182,1.243
70,2020-04-01,United States,215440.0,27072.0,21304.0,1.146,1.185,213576.0,30216.0,21375.0,1.165,1.223
71,2020-04-02,United States,245390.0,29595.0,22965.0,1.139,1.166,245270.0,31694.0,23067.0,1.148,1.203
72,2020-04-03,United States,276074.0,30443.0,24729.0,1.125,1.153,277956.0,32686.0,24865.0,1.133,1.185
73,2020-04-04,United States,309228.0,32990.0,26529.0,1.12,1.143,311141.0,33185.0,26800.0,1.119,1.167
74,2020-04-05,United States,338788.0,29317.0,27958.0,1.0959999999999999,1.1340000000000001,344346.0,33205.0,28243.0,1.107,1.151
75,2020-04-06,United States,366586.0,27465.0,28813.0,1.082,1.123,377131.0,32785.0,29134.0,1.095,1.136
76,2020-04-07,United States,398938.0,31598.0,29783.0,1.088,1.114,409106.0,31975.0,30132.0,1.085,1.122
77,2020-04-08,United States,430902.0,31425.0,30405.0,1.08,1.104,439946.0,30840.0,30780.0,1.075,1.109
78,2020-04-09,United States,463829.0,32595.0,30833.0,1.0759999999999998,1.095,469392.0,29446.0,31206.0,1.067,1.097
79,2020-04-10,United States,495274.0,30986.0,30911.0,1.068,1.087,497250.0,27858.0,31314.0,1.059,1.087
80,2020-04-11,United States,526482.0,30871.0,30608.0,1.063,1.079,523388.0,26138.0,31036.0,1.053,1.077
81,2020-04-12,United States,554579.0,27951.0,30413.0,1.053,1.073,547733.0,24345.0,30827.0,1.047,1.069
82,2020-04-13,United States,581656.0,26646.0,30296.0,1.0490000000000002,1.068,570255.0,22522.0,30724.0,1.041,1.061
83,2020-04-14,United States,609162.0,26875.0,29621.0,1.047,1.062,590968.0,20713.0,30032.0,1.036,1.054
84,2020-04-15,United States,636350.0,26984.0,28987.0,1.045,1.057,609916.0,18948.0,29350.0,1.032,1.048
85,2020-04-16,United States,,,,,,627167.0,17251.0,23334.0,1.028,1.042
86,2020-04-17,United States,,,,,,642807.0,15640.0,21076.0,1.025,1.037
87,2020-04-18,United States,,,,,,656934.0,14127.0,18636.0,1.022,1.033
88,2020-04-19,United States,,,,,,669651.0,12717.0,16439.0,1.019,1.029
89,2020-04-20,United States,,,,,,681066.0,11415.0,14201.0,1.017,1.026
90,2020-04-21,United States,,,,,,691286.0,10220.0,11732.0,1.015,1.023
91,2020-04-22,United States,,,,,,700414.0,9128.0,9152.0,1.013,1.02
92,2020-04-23,United States,,,,,,708550.0,8136.0,11626.0,1.012,1.018
93,2020-04-24,United States,,,,,,715790.0,7240.0,10426.0,1.01,1.015
94,2020-04-25,United States,,,,,,722221.0,6431.0,9327.0,1.009,1.014
95,2020-04-26,United States,,,,,,727927.0,5706.0,8325.0,1.008,1.012
96,2020-04-27,United States,,,,,,732982.0,5055.0,7417.0,1.007,1.011
97,2020-04-28,United States,,,,,,737456.0,4474.0,6596.0,1.006,1.009
98,2020-04-29,United States,,,,,,741412.0,3956.0,5857.0,1.005,1.008
99,2020-04-30,United States,,,,,,744908.0,3496.0,5194.0,1.005,1.007
100,2020-05-01,United States,,,,,,747993.0,3085.0,4600.0,1.004,1.006
101,2020-05-02,United States,,,,,,750716.0,2723.0,4071.0,1.004,1.006
102,2020-05-03,United States,,,,,,753116.0,2400.0,3598.0,1.003,1.005
103,2020-05-04,United States,,,,,,755232.0,2116.0,3179.0,1.003,1.004
104,2020-05-05,United States,,,,,,757096.0,1864.0,2806.0,1.002,1.004
105,2020-05-06,United States,,,,,,758737.0,1641.0,2475.0,1.002,1.003
106,2020-05-07,United States,,,,,,760181.0,1444.0,2182.0,1.002,1.003
107,2020-05-08,United States,,,,,,761453.0,1272.0,1923.0,1.002,1.003
108,2020-05-09,United States,,,,,,762571.0,1118.0,1694.0,1.001,1.002
109,2020-05-10,United States,,,,,,763555.0,984.0,1491.0,1.001,1.002
110,2020-05-11,United States,,,,,,764420.0,865.0,1313.0,1.001,1.002
111,2020-05-12,United States,,,,,,765180.0,760.0,1155.0,1.001,1.001
112,2020-05-13,United States,,,,,,765849.0,669.0,1016.0,1.001,1.001
113,2020-05-14,United States,,,,,,766437.0,588.0,894.0,1.001,1.001
114,2020-05-15,United States,,,,,,766953.0,516.0,786.0,1.001,1.001
115,2020-05-16,United States,,,,,,767407.0,454.0,691.0,1.001,1.001
116,2020-05-17,United States,,,,,,767806.0,399.0,607.0,1.001,1.001
117,2020-05-18,United States,,,,,,768157.0,351.0,534.0,1.0,1.001
118,2020-05-19,United States,,,,,,768464.0,307.0,469.0,1.0,1.001
119,2020-05-20,United States,,,,,,768735.0,271.0,412.0,1.0,1.001
120,2020-05-21,United States,,,,,,768972.0,237.0,362.0,1.0,1.0
121,2020-05-22,United States,,,,,,769181.0,209.0,318.0,1.0,1.0
122,2020-05-23,United States,,,,,,769364.0,183.0,280.0,1.0,1.0
123,2020-05-24,United States,,,,,,769525.0,161.0,246.0,1.0,1.0
124,2020-05-25,United States,,,,,,769667.0,142.0,216.0,1.0,1.0
125,2020-05-26,United States,,,,,,769791.0,124.0,190.0,1.0,1.0
126,2020-05-27,United States,,,,,,769900.0,109.0,166.0,1.0,1.0
127,2020-05-28,United States,,,,,,769996.0,96.0,146.0,1.0,1.0
128,2020-05-29,United States,,,,,,770080.0,84.0,128.0,1.0,1.0
129,2020-05-30,United States,,,,,,770154.0,74.0,113.0,1.0,1.0
130,2020-05-31,United States,,,,,,770219.0,65.0,99.0,1.0,1.0
131,2020-06-01,United States,,,,,,770276.0,57.0,87.0,1.0,1.0
132,2020-06-02,United States,,,,,,770326.0,50.0,76.0,1.0,1.0
133,2020-06-03,United States,,,,,,770370.0,44.0,67.0,1.0,1.0
134,2020-06-04,United States,,,,,,770408.0,38.0,59.0,1.0,1.0
135,2020-06-05,United States,,,,,,770442.0,34.0,52.0,1.0,1.0
136,2020-06-06,United States,,,,,,770472.0,30.0,45.0,1.0,1.0
137,2020-06-07,United States,,,,,,770498.0,26.0,40.0,1.0,1.0
138,2020-06-08,United States,,,,,,770521.0,23.0,35.0,1.0,1.0
139,2020-06-09,United States,,,,,,770541.0,20.0,31.0,1.0,1.0
140,2020-06-10,United States,,,,,,770559.0,18.0,27.0,1.0,1.0
141,2020-06-11,United States,,,,,,770575.0,16.0,24.0,1.0,1.0
142,2020-06-12,United States,,,,,,770588.0,13.0,21.0,1.0,1.0
143,2020-06-13,United States,,,,,,770600.0,12.0,18.0,1.0,1.0
144,2020-06-14,United States,,,,,,770611.0,11.0,16.0,1.0,1.0
145,2020-06-15,United States,,,,,,770620.0,9.0,14.0,1.0,1.0
146,2020-06-16,United States,,,,,,770628.0,8.0,12.0,1.0,1.0
147,2020-06-17,United States,,,,,,770635.0,7.0,11.0,1.0,1.0
148,2020-06-18,United States,,,,,,770641.0,6.0,9.0,1.0,1.0
149,2020-06-19,United States,,,,,,770647.0,6.0,8.0,1.0,1.0
150,2020-06-20,United States,,,,,,770652.0,5.0,7.0,1.0,1.0
151,2020-06-21,United States,,,,,,770656.0,4.0,6.0,1.0,1.0
152,2020-06-22,United States,,,,,,770660.0,4.0,6.0,1.0,1.0
153,2020-06-23,United States,,,,,,770663.0,3.0,5.0,1.0,1.0
154,2020-06-24,United States,,,,,,770666.0,3.0,4.0,1.0,1.0
155,2020-06-25,United States,,,,,,770668.0,2.0,4.0,1.0,1.0
156,2020-06-26,United States,,,,,,770671.0,3.0,3.0,1.0,1.0
157,2020-06-27,United States,,,,,,770673.0,2.0,3.0,1.0,1.0
158,2020-06-28,United States,,,,,,770674.0,1.0,3.0,1.0,1.0
159,2020-06-29,United States,,,,,,770676.0,2.0,2.0,1.0,1.0
160,2020-06-30,United States,,,,,,770677.0,1.0,2.0,1.0,1.0
161,2020-07-01,United States,,,,,,770678.0,1.0,2.0,1.0,1.0
162,2020-07-02,United States,,,,,,770679.0,1.0,2.0,1.0,1.0
163,2020-07-03,United States,,,,,,770680.0,1.0,1.0,1.0,1.0
164,2020-07-04,United States,,,,,,770681.0,1.0,1.0,1.0,1.0
165,2020-07-05,United States,,,,,,770682.0,1.0,1.0,1.0,1.0
166,2020-07-06,United States,,,,,,770682.0,0.0,1.0,1.0,1.0
167,2020-07-07,United States,,,,,,770683.0,1.0,1.0,1.0,1.0
168,2020-07-08,United States,,,,,,770683.0,0.0,1.0,1.0,1.0
169,2020-07-09,United States,,,,,,770684.0,1.0,1.0,1.0,1.0
170,2020-07-10,United States,,,,,,770684.0,0.0,1.0,1.0,1.0
171,2020-07-11,United States,,,,,,770684.0,0.0,0.0,1.0,1.0
172,2020-07-12,United States,,,,,,770685.0,1.0,0.0,1.0,1.0
173,2020-07-13,United States,,,,,,770685.0,0.0,0.0,1.0,1.0
174,2020-07-14,United States,,,,,,770685.0,0.0,0.0,1.0,1.0
175,2020-07-15,United States,,,,,,770685.0,0.0,0.0,1.0,1.0
176,2020-07-16,United States,,,,,,770685.0,0.0,0.0,1.0,1.0
177,2020-07-17,United States,,,,,,770685.0,0.0,0.0,1.0,1.0
178,2020-07-18,United States,,,,,,770686.0,1.0,0.0,1.0,1.0
179,2020-07-19,United States,,,,,,770686.0,0.0,0.0,1.0,1.0
180,2020-07-20,United States,,,,,,770686.0,0.0,0.0,1.0,1.0
181,2020-07-21,United States,,,,,,770686.0,0.0,0.0,1.0,1.0
182,2020-07-22,United States,,,,,,770686.0,0.0,0.0,1.0,1.0
183,2020-07-23,United States,,,,,,770686.0,0.0,0.0,1.0,1.0
184,2020-07-24,United States,,,,,,770686.0,0.0,0.0,1.0,1.0
185,2020-07-25,United States,,,,,,770686.0,0.0,0.0,1.0,1.0
186,2020-07-26,United States,,,,,,770686.0,0.0,0.0,1.0,1.0
187,2020-07-27,United States,,,,,,770686.0,0.0,0.0,1.0,1.0
188,2020-07-28,United States,,,,,,770686.0,0.0,0.0,1.0,1.0
189,2020-07-29,United States,,,,,,770686.0,0.0,0.0,1.0,1.0
190,2020-07-30,United States,,,,,,770686.0,0.0,0.0,1.0,1.0
191,2020-07-31,United States,,,,,,770686.0,0.0,0.0,1.0,1.0
192,2020-08-01,United States,,,,,,770686.0,0.0,0.0,1.0,1.0
193,2020-08-02,United States,,,,,,770686.0,0.0,0.0,1.0,1.0
194,2020-08-03,United States,,,,,,770686.0,0.0,0.0,1.0,1.0
195,2020-08-04,United States,,,,,,770686.0,0.0,0.0,1.0,1.0
196,2020-08-05,United States,,,,,,770686.0,0.0,0.0,1.0,1.0
197,2020-08-06,United States,,,,,,770686.0,0.0,0.0,1.0,1.0
198,2020-08-07,United States,,,,,,770686.0,0.0,0.0,1.0,1.0
199,2020-08-08,United States,,,,,,770686.0,0.0,0.0,1.0,1.0
200,2020-08-09,United States,,,,,,770686.0,0.0,0.0,1.0,1.0
201,2020-08-10,United States,,,,,,770686.0,0.0,0.0,1.0,1.0
202,2020-08-11,United States,,,,,,770686.0,0.0,0.0,1.0,1.0
203,2020-08-12,United States,,,,,,770686.0,0.0,0.0,1.0,1.0
204,2020-08-13,United States,,,,,,770686.0,0.0,0.0,1.0,1.0
205,2020-08-14,United States,,,,,,770686.0,0.0,0.0,1.0,1.0
206,2020-08-15,United States,,,,,,770686.0,0.0,0.0,1.0,1.0
