,date,country,confirmed,new_confirmed,new_conf_avg_7,growth,growth_avg_7,predict,new_predict,new_pred_avg_7,p_growth,p_gr_avg_7
0,2020-01-24,France,2.0,2.0,,0.0,1.0,0,,,1.0,
1,2020-01-25,France,3.0,1.0,,1.5,1.0,0,0.0,,0.0,
2,2020-01-26,France,3.0,0.0,,1.0,1.0,0,0.0,,0.0,
3,2020-01-27,France,3.0,0.0,,1.0,1.0,0,0.0,,0.0,
4,2020-01-28,France,4.0,1.0,,1.3330000000000002,1.0,0,0.0,,0.0,
5,2020-01-29,France,5.0,1.0,,1.25,1.016,0,0.0,,0.0,
6,2020-01-30,France,5.0,0.0,1.0,1.0,1.012,0,0.0,,0.0,1.0
7,2020-01-31,France,5.0,0.0,0.0,1.0,1.155,0,0.0,0.0,0.0,1.0
8,2020-02-01,France,6.0,1.0,0.0,1.2,1.112,0,0.0,0.0,0.0,1.0
9,2020-02-02,France,6.0,0.0,0.0,1.0,1.112,0,0.0,0.0,0.0,1.0
10,2020-02-03,France,6.0,0.0,0.0,1.0,1.112,0,0.0,0.0,0.0,1.0
11,2020-02-04,France,6.0,0.0,0.0,1.0,1.064,0,0.0,0.0,0.0,1.0
12,2020-02-05,France,6.0,0.0,0.0,1.0,1.0290000000000001,0,0.0,0.0,0.0,1.0
13,2020-02-06,France,6.0,0.0,0.0,1.0,1.0290000000000001,0,0.0,0.0,0.0,1.0
14,2020-02-07,France,8.0,2.0,0.0,1.3330000000000002,1.0759999999999998,0,0.0,0.0,0.0,1.0
15,2020-02-08,France,11.0,3.0,1.0,1.375,1.101,0,0.0,1.0,0.0,1.0
16,2020-02-09,France,11.0,0.0,1.0,1.0,1.101,0,0.0,1.0,0.0,1.0
17,2020-02-10,France,11.0,0.0,1.0,1.0,1.101,0,0.0,1.0,0.0,1.0
18,2020-02-11,France,11.0,0.0,1.0,1.0,1.101,0,0.0,1.0,0.0,1.0
19,2020-02-12,France,11.0,0.0,1.0,1.0,1.101,0,0.0,1.0,0.0,1.0
20,2020-02-13,France,11.0,0.0,1.0,1.0,1.101,0,0.0,1.0,0.0,1.0
21,2020-02-14,France,11.0,0.0,0.0,1.0,1.054,0,0.0,0.0,0.0,1.0
22,2020-02-15,France,11.0,0.0,0.0,1.0,1.0,0,0.0,0.0,0.0,1.0
23,2020-02-16,France,12.0,1.0,0.0,1.091,1.013,0,0.0,0.0,0.0,1.0
24,2020-02-17,France,12.0,0.0,0.0,1.0,1.013,0,0.0,0.0,0.0,1.0
25,2020-02-18,France,12.0,0.0,0.0,1.0,1.013,0,0.0,0.0,0.0,1.0
26,2020-02-19,France,12.0,0.0,0.0,1.0,1.013,0,0.0,0.0,0.0,1.0
27,2020-02-20,France,12.0,0.0,0.0,1.0,1.013,0,0.0,0.0,0.0,1.0
28,2020-02-21,France,12.0,0.0,0.0,1.0,1.013,0,0.0,0.0,0.0,1.0
29,2020-02-22,France,12.0,0.0,0.0,1.0,1.013,0,0.0,0.0,0.0,1.0
30,2020-02-23,France,12.0,0.0,0.0,1.0,1.0,27,27.0,0.0,0.0,1.0
31,2020-02-24,France,13.0,1.0,0.0,1.083,1.012,91,64.0,0.0,3.37,1.0
32,2020-02-25,France,14.0,1.0,0.0,1.077,1.023,163,72.0,0.0,1.791,1.0
33,2020-02-26,France,18.0,4.0,1.0,1.286,1.064,246,83.0,1.0,1.509,1.0
34,2020-02-27,France,38.0,20.0,4.0,2.1109999999999998,1.222,339,93.0,4.0,1.378,1.15
35,2020-02-28,France,57.0,19.0,6.0,1.5,1.294,446,107.0,6.0,1.316,1.338
36,2020-02-29,France,100.0,43.0,13.0,1.754,1.402,567,121.0,13.0,1.271,1.519
37,2020-03-01,France,130.0,30.0,17.0,1.3,1.444,704,137.0,17.0,1.242,1.697
38,2020-03-02,France,191.0,61.0,25.0,1.469,1.5,861,157.0,25.0,1.223,1.39
39,2020-03-03,France,238.0,47.0,32.0,1.246,1.524,1039,178.0,32.0,1.207,1.307
40,2020-03-04,France,285.0,47.0,38.0,1.197,1.511,1242,203.0,38.0,1.195,1.262
41,2020-03-05,France,377.0,92.0,48.0,1.3230000000000002,1.3980000000000001,1472,230.0,48.0,1.185,1.234
42,2020-03-06,France,653.0,276.0,85.0,1.732,1.432,1734,262.0,85.0,1.178,1.214
43,2020-03-07,France,949.0,296.0,121.0,1.453,1.389,2033,299.0,121.0,1.172,1.2
44,2020-03-08,France,1126.0,177.0,142.0,1.187,1.3719999999999999,2372,339.0,142.0,1.167,1.19
45,2020-03-09,France,1455.0,329.0,181.0,1.2919999999999998,1.347,2757,385.0,181.0,1.162,1.181
46,2020-03-10,France,1784.0,329.0,221.0,1.226,1.344,3196,439.0,221.0,1.159,1.174
47,2020-03-11,France,2284.0,499.0,285.0,1.28,1.3559999999999999,3695,499.0,286.0,1.156,1.168
48,2020-03-12,France,2974.0,690.0,371.0,1.3019999999999998,1.3530000000000002,4263,568.0,371.0,1.154,1.164
49,2020-03-13,France,3667.0,693.0,430.0,1.2329999999999999,1.2819999999999998,4908,645.0,431.0,1.151,1.16
50,2020-03-14,France,4481.0,809.0,504.0,1.222,1.249,5643,735.0,505.0,1.15,1.157
51,2020-03-15,France,5566.0,1085.0,633.0,1.242,1.2570000000000001,6478,835.0,634.0,1.148,1.154
52,2020-03-16,France,6655.0,1086.0,742.0,1.196,1.2429999999999999,7427,949.0,743.0,1.146,1.152
53,2020-03-17,France,7694.0,1028.0,841.0,1.156,1.2329999999999999,8508,1081.0,844.0,1.146,1.15
54,2020-03-18,France,9086.0,1373.0,966.0,1.181,1.219,9736,1228.0,972.0,1.144,1.148
55,2020-03-19,France,10892.0,1806.0,1126.0,1.199,1.204,11133,1397.0,1131.0,1.143,1.147
56,2020-03-20,France,12693.0,1754.0,1277.0,1.165,1.194,12722,1589.0,1289.0,1.143,1.146
57,2020-03-21,France,14415.0,1688.0,1403.0,1.136,1.182,14528,1806.0,1419.0,1.142,1.145
58,2020-03-22,France,16175.0,1744.0,1497.0,1.122,1.165,16581,2053.0,1516.0,1.141,1.144
59,2020-03-23,France,20125.0,3908.0,1900.0,1.244,1.172,18915,2334.0,1924.0,1.141,1.143
60,2020-03-24,France,22630.0,2505.0,2111.0,1.124,1.167,21567,2652.0,2134.0,1.14,1.142
61,2020-03-25,France,25602.0,2972.0,2340.0,1.131,1.16,24579,3012.0,2359.0,1.14,1.141
62,2020-03-26,France,29566.0,3964.0,2648.0,1.155,1.1540000000000001,27998,3419.0,2668.0,1.139,1.141
63,2020-03-27,France,33429.0,3863.0,2949.0,1.131,1.149,31875,3877.0,2962.0,1.138,1.14
64,2020-03-28,France,38105.0,4676.0,3376.0,1.14,1.15,36267,4392.0,3384.0,1.138,1.14
65,2020-03-29,France,41635.0,3530.0,3631.0,1.093,1.145,41233,4966.0,3637.0,1.137,1.139
66,2020-03-30,France,46792.0,5157.0,3810.0,1.124,1.128,46836,5603.0,3810.0,1.136,1.138
67,2020-03-31,France,52836.0,6044.0,4315.0,1.129,1.129,53135,6299.0,4315.0,1.134,1.137
68,2020-04-01,France,56384.0,3548.0,4397.0,1.067,1.12,60185,7050.0,4397.0,1.133,1.136
69,2020-04-02,France,61484.0,5100.0,4560.0,1.09,1.111,68023,7838.0,4560.0,1.13,1.135
70,2020-04-03,France,75388.0,13904.0,5994.0,1.226,1.124,76661,8638.0,5994.0,1.127,1.134
71,2020-04-04,France,90850.0,15462.0,7535.0,1.205,1.133,86067,9406.0,7535.0,1.123,1.131
72,2020-04-05,France,94907.0,4057.0,7610.0,1.045,1.127,96147,10080.0,7610.0,1.117,1.129
73,2020-04-06,France,101924.0,7017.0,7876.0,1.074,1.119,106729,10582.0,7876.0,1.11,1.125
74,2020-04-07,France,110061.0,8137.0,8175.0,1.08,1.112,117553,10824.0,8175.0,1.101,1.12
75,2020-04-08,France,114422.0,4361.0,8291.0,1.04,1.109,128281,10728.0,8291.0,1.091,1.114
76,2020-04-09,France,119944.0,5522.0,8351.0,1.048,1.103,138535,10254.0,8351.0,1.08,1.107
77,2020-04-10,France,124753.0,4809.0,7052.0,1.04,1.0759999999999998,147951,9416.0,7052.0,1.068,1.099
78,2020-04-11,France,129799.0,5046.0,5564.0,1.04,1.052,156248,8297.0,5564.0,1.056,1.089
79,2020-04-12,France,134299.0,4500.0,5627.0,1.035,1.051,163268,7020.0,5627.0,1.045,1.079
80,2020-04-13,France,137875.0,3576.0,5136.0,1.0270000000000001,1.044,168990,5722.0,5136.0,1.035,1.068
81,2020-04-14,France,,,,,,173504,4514.0,9063.0,1.027,1.057
82,2020-04-15,France,,,,,,176970,3466.0,8935.0,1.02,1.047
83,2020-04-16,France,,,,,,179573,2603.0,8518.0,1.015,1.038
84,2020-04-17,France,,,,,,181495,1922.0,8106.0,1.011,1.03
85,2020-04-18,France,,,,,,182897,1402.0,7585.0,1.008,1.023
86,2020-04-19,France,,,,,,183909,1012.0,7087.0,1.006,1.017
87,2020-04-20,France,,,,,,184635,726.0,6680.0,1.004,1.013
88,2020-04-21,France,,,,,,185152,517.0,1664.0,1.003,1.01
89,2020-04-22,France,,,,,,185521,369.0,1222.0,1.002,1.007
90,2020-04-23,France,,,,,,185782,261.0,887.0,1.001,1.005
91,2020-04-24,France,,,,,,185967,185.0,639.0,1.001,1.004
92,2020-04-25,France,,,,,,186097,130.0,457.0,1.001,1.003
93,2020-04-26,France,,,,,,186190,93.0,326.0,1.0,1.002
94,2020-04-27,France,,,,,,186255,65.0,231.0,1.0,1.001
95,2020-04-28,France,,,,,,186301,46.0,164.0,1.0,1.001
96,2020-04-29,France,,,,,,186333,32.0,116.0,1.0,1.0
97,2020-04-30,France,,,,,,186356,23.0,82.0,1.0,1.0
98,2020-05-01,France,,,,,,186372,16.0,58.0,1.0,1.0
99,2020-05-02,France,,,,,,186383,11.0,41.0,1.0,1.0
100,2020-05-03,France,,,,,,186391,8.0,29.0,1.0,1.0
101,2020-05-04,France,,,,,,186397,6.0,20.0,1.0,1.0
102,2020-05-05,France,,,,,,186401,4.0,14.0,1.0,1.0
103,2020-05-06,France,,,,,,186404,3.0,10.0,1.0,1.0
104,2020-05-07,France,,,,,,186406,2.0,7.0,1.0,1.0
105,2020-05-08,France,,,,,,186407,1.0,5.0,1.0,1.0
106,2020-05-09,France,,,,,,186408,1.0,4.0,1.0,1.0
107,2020-05-10,France,,,,,,186409,1.0,3.0,1.0,1.0
108,2020-05-11,France,,,,,,186409,0.0,2.0,1.0,1.0
109,2020-05-12,France,,,,,,186410,1.0,1.0,1.0,1.0
110,2020-05-13,France,,,,,,186410,0.0,1.0,1.0,1.0
111,2020-05-14,France,,,,,,186410,0.0,1.0,1.0,1.0
112,2020-05-15,France,,,,,,186410,0.0,0.0,1.0,1.0
113,2020-05-16,France,,,,,,186410,0.0,0.0,1.0,1.0
114,2020-05-17,France,,,,,,186410,0.0,0.0,1.0,1.0
115,2020-05-18,France,,,,,,186410,0.0,0.0,1.0,1.0
116,2020-05-19,France,,,,,,186410,0.0,0.0,1.0,1.0
117,2020-05-20,France,,,,,,186411,1.0,0.0,1.0,1.0
118,2020-05-21,France,,,,,,186411,0.0,0.0,1.0,1.0
119,2020-05-22,France,,,,,,186411,0.0,0.0,1.0,1.0
120,2020-05-23,France,,,,,,186411,0.0,0.0,1.0,1.0
121,2020-05-24,France,,,,,,186411,0.0,0.0,1.0,1.0
122,2020-05-25,France,,,,,,186411,0.0,0.0,1.0,1.0
123,2020-05-26,France,,,,,,186411,0.0,0.0,1.0,1.0
124,2020-05-27,France,,,,,,186411,0.0,0.0,1.0,1.0
125,2020-05-28,France,,,,,,186411,0.0,0.0,1.0,1.0
126,2020-05-29,France,,,,,,186411,0.0,0.0,1.0,1.0
127,2020-05-30,France,,,,,,186411,0.0,0.0,1.0,1.0
128,2020-05-31,France,,,,,,186411,0.0,0.0,1.0,1.0
129,2020-06-01,France,,,,,,186411,0.0,0.0,1.0,1.0
130,2020-06-02,France,,,,,,186411,0.0,0.0,1.0,1.0
131,2020-06-03,France,,,,,,186411,0.0,0.0,1.0,1.0
132,2020-06-04,France,,,,,,186411,0.0,0.0,1.0,1.0
133,2020-06-05,France,,,,,,186411,0.0,0.0,1.0,1.0
134,2020-06-06,France,,,,,,186411,0.0,0.0,1.0,1.0
135,2020-06-07,France,,,,,,186411,0.0,0.0,1.0,1.0
136,2020-06-08,France,,,,,,186411,0.0,0.0,1.0,1.0
137,2020-06-09,France,,,,,,186411,0.0,0.0,1.0,1.0
138,2020-06-10,France,,,,,,186411,0.0,0.0,1.0,1.0
139,2020-06-11,France,,,,,,186411,0.0,0.0,1.0,1.0
140,2020-06-12,France,,,,,,186411,0.0,0.0,1.0,1.0
141,2020-06-13,France,,,,,,186411,0.0,0.0,1.0,1.0
142,2020-06-14,France,,,,,,186411,0.0,0.0,1.0,1.0
143,2020-06-15,France,,,,,,186411,0.0,0.0,1.0,1.0
144,2020-06-16,France,,,,,,186411,0.0,0.0,1.0,1.0
145,2020-06-17,France,,,,,,186411,0.0,0.0,1.0,1.0
146,2020-06-18,France,,,,,,186411,0.0,0.0,1.0,1.0
147,2020-06-19,France,,,,,,186411,0.0,0.0,1.0,1.0
