,date,country,confirmed,new_confirmed,new_conf_avg_7,growth,growth_avg_7,predict,new_predict,new_pred_avg_7,p_growth,p_gr_avg_7
0,2020-01-23,Australia,0.0,0.0,,0.0,1.0,,,,,
1,2020-01-25,Australia,4.0,4.0,,0.0,1.0,,,,,
2,2020-01-26,Australia,4.0,0.0,,1.0,1.0,,,,,
3,2020-01-27,Australia,5.0,5.0,,1.25,1.0,,,,,
4,2020-01-28,Australia,5.0,0.0,,1.0,1.0,,,,,
5,2020-01-29,Australia,5.0,0.0,,1.0,1.0,,,,,
6,2020-01-30,Australia,9.0,4.0,2.0,1.8,1.0,,,,,
7,2020-01-31,Australia,9.0,0.0,2.0,1.0,1.0070000000000001,,,1.0,,
8,2020-02-01,Australia,12.0,3.0,2.0,1.3330000000000002,1.198,,,1.0,,
9,2020-02-02,Australia,12.0,0.0,2.0,1.0,1.198,,,1.0,,
10,2020-02-03,Australia,12.0,0.0,1.0,1.0,1.162,,,1.0,,
11,2020-02-04,Australia,13.0,1.0,1.0,1.083,1.1740000000000002,,,1.0,,
12,2020-02-05,Australia,13.0,0.0,1.0,1.0,1.1740000000000002,,,1.0,,
13,2020-02-06,Australia,14.0,1.0,1.0,1.077,1.07,,,1.0,,
14,2020-02-07,Australia,15.0,1.0,1.0,1.071,1.081,,,1.0,,
15,2020-02-08,Australia,15.0,0.0,0.0,1.0,1.033,,,0.0,,
16,2020-02-09,Australia,15.0,0.0,0.0,1.0,1.033,,,0.0,,
17,2020-02-10,Australia,15.0,0.0,0.0,1.0,1.033,,,0.0,,
18,2020-02-11,Australia,15.0,0.0,0.0,1.0,1.021,,,0.0,,
19,2020-02-12,Australia,15.0,0.0,0.0,1.0,1.021,,,0.0,,
20,2020-02-13,Australia,15.0,0.0,0.0,1.0,1.01,,,0.0,,
21,2020-02-14,Australia,15.0,0.0,0.0,1.0,1.0,,,0.0,,
22,2020-02-15,Australia,15.0,0.0,0.0,1.0,1.0,,,0.0,,
23,2020-02-16,Australia,15.0,0.0,0.0,1.0,1.0,,,0.0,,
24,2020-02-17,Australia,15.0,0.0,0.0,1.0,1.0,,,0.0,,
25,2020-02-18,Australia,15.0,0.0,0.0,1.0,1.0,,,0.0,,
26,2020-02-19,Australia,15.0,0.0,0.0,1.0,1.0,,,0.0,,
27,2020-02-20,Australia,15.0,0.0,0.0,1.0,1.0,,,0.0,,
28,2020-02-21,Australia,19.0,4.0,1.0,1.2670000000000001,1.038,,,1.0,,
29,2020-02-22,Australia,22.0,3.0,1.0,1.158,1.061,,,1.0,,
30,2020-02-23,Australia,22.0,0.0,1.0,1.0,1.061,,,1.0,,
31,2020-02-24,Australia,22.0,0.0,1.0,1.0,1.061,,,1.0,,
32,2020-02-25,Australia,22.0,0.0,1.0,1.0,1.061,,,1.0,,
33,2020-02-26,Australia,22.0,0.0,1.0,1.0,1.061,,,1.0,,
34,2020-02-27,Australia,23.0,1.0,1.0,1.045,1.067,,,1.0,,
35,2020-02-28,Australia,22.0,-1.0,0.0,0.9570000000000001,1.023,,,0.0,,
36,2020-02-29,Australia,26.0,4.0,1.0,1.182,1.026,,,1.0,,
37,2020-03-01,Australia,28.0,2.0,1.0,1.077,1.037,,,1.0,,
38,2020-03-02,Australia,34.0,6.0,2.0,1.214,1.068,,,2.0,,
39,2020-03-03,Australia,40.0,6.0,3.0,1.176,1.093,,,3.0,,
40,2020-03-04,Australia,53.0,13.0,4.0,1.325,1.139,,,4.0,,
41,2020-03-05,Australia,57.0,4.0,5.0,1.075,1.1440000000000001,154.0,,5.0,,
42,2020-03-06,Australia,60.0,3.0,5.0,1.053,1.157,154.0,0.0,5.0,1.0,
43,2020-03-07,Australia,64.0,4.0,5.0,1.067,1.141,154.0,0.0,5.0,1.0,
44,2020-03-08,Australia,78.0,14.0,7.0,1.219,1.161,154.0,0.0,7.0,1.0,
45,2020-03-09,Australia,92.0,14.0,8.0,1.179,1.156,154.0,0.0,8.0,1.0,
46,2020-03-10,Australia,108.0,16.0,10.0,1.1740000000000002,1.156,155.0,1.0,10.0,1.006,
47,2020-03-11,Australia,128.0,20.0,11.0,1.185,1.136,157.0,2.0,11.0,1.013,
48,2020-03-12,Australia,161.0,33.0,15.0,1.258,1.162,161.0,4.0,15.0,1.025,1.006
49,2020-03-13,Australia,200.0,39.0,20.0,1.242,1.189,171.0,10.0,20.0,1.062,1.015
50,2020-03-14,Australia,250.0,50.0,27.0,1.25,1.215,189.0,18.0,27.0,1.105,1.03
51,2020-03-15,Australia,302.0,52.0,32.0,1.208,1.214,221.0,32.0,32.0,1.169,1.054
52,2020-03-16,Australia,377.0,75.0,41.0,1.248,1.224,273.0,52.0,41.0,1.235,1.088
53,2020-03-17,Australia,457.0,80.0,50.0,1.212,1.229,352.0,79.0,50.0,1.289,1.128
54,2020-03-18,Australia,568.0,111.0,63.0,1.2429999999999999,1.237,464.0,112.0,63.0,1.318,1.172
55,2020-03-19,Australia,682.0,114.0,74.0,1.2009999999999998,1.229,612.0,148.0,74.0,1.319,1.214
56,2020-03-20,Australia,848.0,166.0,93.0,1.2429999999999999,1.229,801.0,189.0,93.0,1.309,1.249
57,2020-03-21,Australia,1071.0,223.0,117.0,1.263,1.2309999999999999,1029.0,228.0,117.0,1.285,1.275
58,2020-03-22,Australia,1364.0,293.0,152.0,1.274,1.2409999999999999,1294.0,265.0,152.0,1.258,1.288
59,2020-03-23,Australia,1682.0,318.0,186.0,1.2329999999999999,1.238,1591.0,297.0,186.0,1.23,1.287
60,2020-03-24,Australia,2048.0,366.0,227.0,1.218,1.239,1914.0,323.0,227.0,1.203,1.275
61,2020-03-25,Australia,2434.0,386.0,267.0,1.188,1.2309999999999999,2255.0,341.0,267.0,1.178,1.255
62,2020-03-26,Australia,2810.0,376.0,304.0,1.1540000000000001,1.225,2606.0,351.0,304.0,1.156,1.231
63,2020-03-27,Australia,3174.0,364.0,332.0,1.13,1.209,2961.0,355.0,332.0,1.136,1.207
64,2020-03-28,Australia,3640.0,466.0,367.0,1.147,1.192,3312.0,351.0,367.0,1.119,1.183
65,2020-03-29,Australia,3984.0,344.0,374.0,1.095,1.166,3653.0,341.0,374.0,1.103,1.161
66,2020-03-30,Australia,4363.0,379.0,383.0,1.095,1.147,3981.0,328.0,383.0,1.09,1.141
67,2020-03-31,Australia,4634.0,271.0,369.0,1.062,1.124,4291.0,310.0,369.0,1.078,1.123
68,2020-04-01,Australia,4863.0,229.0,347.0,1.0490000000000002,1.105,4582.0,291.0,347.0,1.068,1.107
69,2020-04-02,Australia,5130.0,267.0,331.0,1.055,1.09,4852.0,270.0,331.0,1.059,1.093
70,2020-04-03,Australia,5348.0,218.0,311.0,1.042,1.078,5101.0,249.0,311.0,1.051,1.081
71,2020-04-04,Australia,5550.0,202.0,273.0,1.038,1.062,5328.0,227.0,273.0,1.045,1.071
72,2020-04-05,Australia,5689.0,139.0,244.0,1.025,1.052,5534.0,206.0,244.0,1.039,1.061
73,2020-04-06,Australia,5797.0,108.0,205.0,1.0190000000000001,1.041,5720.0,186.0,205.0,1.034,1.053
74,2020-04-07,Australia,5908.0,111.0,182.0,1.0190000000000001,1.035,5887.0,167.0,182.0,1.029,1.046
75,2020-04-08,Australia,6010.0,102.0,164.0,1.0170000000000001,1.031,6037.0,150.0,164.0,1.025,1.04
76,2020-04-09,Australia,6108.0,98.0,140.0,1.016,1.025,6170.0,133.0,140.0,1.022,1.035
77,2020-04-10,Australia,6215.0,107.0,124.0,1.018,1.022,6288.0,118.0,124.0,1.019,1.03
78,2020-04-11,Australia,6303.0,88.0,108.0,1.014,1.018,6393.0,105.0,108.0,1.017,1.026
79,2020-04-12,Australia,6323.0,20.0,91.0,1.003,1.015,6485.0,92.0,91.0,1.014,1.023
80,2020-04-13,Australia,6353.0,30.0,79.0,1.005,1.013,6567.0,82.0,79.0,1.013,1.02
81,2020-04-14,Australia,6415.0,62.0,72.0,1.01,1.012,6639.0,72.0,72.0,1.011,1.017
82,2020-04-15,Australia,6444.0,29.0,62.0,1.005,1.01,6702.0,63.0,62.0,1.009,1.015
83,2020-04-16,Australia,6464.0,20.0,51.0,1.003,1.008,6757.0,55.0,51.0,1.008,1.013
84,2020-04-17,Australia,6522.0,58.0,44.0,1.0090000000000001,1.0070000000000001,6806.0,49.0,44.0,1.007,1.011
85,2020-04-18,Australia,6547.0,25.0,35.0,1.004,1.006,6849.0,43.0,35.0,1.006,1.01
86,2020-04-19,Australia,6547.0,0.0,32.0,1.0,1.005,6886.0,37.0,32.0,1.005,1.008
87,2020-04-20,Australia,6547.0,0.0,28.0,1.0,1.004,6918.0,32.0,28.0,1.005,1.007
88,2020-04-21,Australia,6547.0,0.0,19.0,1.0,1.003,6947.0,29.0,19.0,1.004,1.006
89,2020-04-22,Australia,6601.0,54.0,22.0,1.008,1.003,6971.0,24.0,22.0,1.003,1.005
90,2020-04-23,Australia,6661.0,60.0,28.0,1.0090000000000001,1.004,6993.0,22.0,28.0,1.003,1.005
91,2020-04-24,Australia,6677.0,16.0,22.0,1.002,1.003,7012.0,19.0,22.0,1.003,1.004
92,2020-04-25,Australia,6698.0,21.0,22.0,1.003,1.003,7028.0,16.0,22.0,1.002,1.004
93,2020-04-26,Australia,6714.0,16.0,24.0,1.002,1.003,7043.0,15.0,24.0,1.002,1.003
94,2020-04-27,Australia,6723.0,9.0,25.0,1.001,1.004,7055.0,12.0,25.0,1.002,1.003
95,2020-04-28,Australia,6744.0,21.0,28.0,1.003,1.004,7066.0,11.0,28.0,1.002,1.002
96,2020-04-29,Australia,6756.0,12.0,22.0,1.002,1.003,7075.0,9.0,22.0,1.001,1.002
97,2020-04-30,Australia,6765.0,9.0,15.0,1.001,1.002,7084.0,9.0,15.0,1.001,1.002
98,2020-05-01,Australia,6778.0,13.0,14.0,1.002,1.002,7091.0,7.0,14.0,1.001,1.002
99,2020-05-02,Australia,6799.0,21.0,14.0,1.003,1.002,7097.0,6.0,14.0,1.001,1.001
100,2020-05-03,Australia,6822.0,23.0,15.0,1.003,1.002,7102.0,5.0,15.0,1.001,1.001
101,2020-05-04,Australia,6849.0,27.0,18.0,1.004,1.003,7107.0,5.0,18.0,1.001,1.001
102,2020-05-05,Australia,6876.0,27.0,19.0,1.004,1.003,7111.0,4.0,19.0,1.001,1.001
103,2020-05-06,Australia,6894.0,18.0,20.0,1.003,1.003,7115.0,4.0,20.0,1.001,1.001
104,2020-05-07,Australia,6913.0,19.0,21.0,1.003,1.003,7118.0,3.0,21.0,1.0,1.001
105,2020-05-08,Australia,6927.0,14.0,21.0,1.002,1.003,7121.0,3.0,21.0,1.0,1.001
106,2020-05-09,Australia,6939.0,12.0,20.0,1.002,1.003,7123.0,2.0,20.0,1.0,1.001
107,2020-05-10,Australia,6951.0,12.0,18.0,1.002,1.003,7125.0,2.0,18.0,1.0,1.0
108,2020-05-11,Australia,6973.0,22.0,18.0,1.003,1.003,7127.0,2.0,18.0,1.0,1.0
109,2020-05-12,Australia,6979.0,6.0,15.0,1.001,1.002,7128.0,1.0,15.0,1.0,1.0
110,2020-05-13,Australia,6989.0,10.0,14.0,1.001,1.002,7130.0,2.0,14.0,1.0,1.0
111,2020-05-14,Australia,7019.0,30.0,15.0,1.004,1.002,7131.0,1.0,15.0,1.0,1.0
112,2020-05-15,Australia,7035.0,16.0,15.0,1.002,1.002,7132.0,1.0,15.0,1.0,1.0
113,2020-05-16,Australia,7045.0,10.0,15.0,1.001,1.002,7133.0,1.0,15.0,1.0,1.0
114,2020-05-17,Australia,7054.0,9.0,15.0,1.001,1.002,7133.0,0.0,15.0,1.0,1.0
115,2020-05-18,Australia,7068.0,14.0,14.0,1.002,1.002,7134.0,1.0,14.0,1.0,1.0
116,2020-05-19,Australia,7076.0,8.0,14.0,1.001,1.002,7135.0,1.0,14.0,1.0,1.0
117,2020-05-20,Australia,7081.0,5.0,13.0,1.001,1.002,7135.0,0.0,13.0,1.0,1.0
118,2020-05-21,Australia,7096.0,15.0,11.0,1.002,1.001,7136.0,1.0,11.0,1.0,1.0
119,2020-05-22,Australia,7105.0,9.0,10.0,1.001,1.001,7136.0,0.0,10.0,1.0,1.0
120,2020-05-23,Australia,7114.0,9.0,10.0,1.001,1.001,7136.0,0.0,10.0,1.0,1.0
121,2020-05-24,Australia,7114.0,0.0,9.0,1.0,1.001,7137.0,1.0,9.0,1.0,1.0
122,2020-05-25,Australia,,,,,,7137.0,0.0,10.0,1.0,1.0
123,2020-05-26,Australia,,,,,,7137.0,0.0,9.0,1.0,1.0
124,2020-05-27,Australia,,,,,,7137.0,0.0,8.0,1.0,1.0
125,2020-05-28,Australia,,,,,,7137.0,0.0,6.0,1.0,1.0
126,2020-05-29,Australia,,,,,,7138.0,1.0,5.0,1.0,1.0
127,2020-05-30,Australia,,,,,,7138.0,0.0,3.0,1.0,1.0
128,2020-05-31,Australia,,,,,,7138.0,0.0,3.0,1.0,1.0
129,2020-06-01,Australia,,,,,,7138.0,0.0,0.0,1.0,1.0
130,2020-06-02,Australia,,,,,,7138.0,0.0,0.0,1.0,1.0
131,2020-06-03,Australia,,,,,,7138.0,0.0,0.0,1.0,1.0
132,2020-06-04,Australia,,,,,,7138.0,0.0,0.0,1.0,1.0
133,2020-06-05,Australia,,,,,,7138.0,0.0,0.0,1.0,1.0
134,2020-06-06,Australia,,,,,,7138.0,0.0,0.0,1.0,1.0
135,2020-06-07,Australia,,,,,,7138.0,0.0,0.0,1.0,1.0
136,2020-06-08,Australia,,,,,,7138.0,0.0,0.0,1.0,1.0
137,2020-06-09,Australia,,,,,,7138.0,0.0,0.0,1.0,1.0
138,2020-06-10,Australia,,,,,,7138.0,0.0,0.0,1.0,1.0
139,2020-06-11,Australia,,,,,,7138.0,0.0,0.0,1.0,1.0
140,2020-06-12,Australia,,,,,,7138.0,0.0,0.0,1.0,1.0
141,2020-06-13,Australia,,,,,,7138.0,0.0,0.0,1.0,1.0
142,2020-06-14,Australia,,,,,,7138.0,0.0,0.0,1.0,1.0
143,2020-06-15,Australia,,,,,,7138.0,0.0,0.0,1.0,1.0
144,2020-06-16,Australia,,,,,,7138.0,0.0,0.0,1.0,1.0
145,2020-06-17,Australia,,,,,,7139.0,1.0,0.0,1.0,1.0
146,2020-06-18,Australia,,,,,,7139.0,0.0,0.0,1.0,1.0
147,2020-06-19,Australia,,,,,,7139.0,0.0,0.0,1.0,1.0
148,2020-06-20,Australia,,,,,,7139.0,0.0,0.0,1.0,1.0
149,2020-06-21,Australia,,,,,,7139.0,0.0,0.0,1.0,1.0
150,2020-06-22,Australia,,,,,,7139.0,0.0,0.0,1.0,1.0
151,2020-06-23,Australia,,,,,,7139.0,0.0,0.0,1.0,1.0
152,2020-06-24,Australia,,,,,,7139.0,0.0,0.0,1.0,1.0
153,2020-06-25,Australia,,,,,,7139.0,0.0,0.0,1.0,1.0
154,2020-06-26,Australia,,,,,,7139.0,0.0,0.0,1.0,1.0
155,2020-06-27,Australia,,,,,,7139.0,0.0,0.0,1.0,1.0
156,2020-06-28,Australia,,,,,,7139.0,0.0,0.0,1.0,1.0
157,2020-06-29,Australia,,,,,,7139.0,0.0,0.0,1.0,1.0
158,2020-06-30,Australia,,,,,,7139.0,0.0,0.0,1.0,1.0
159,2020-07-01,Australia,,,,,,7139.0,0.0,0.0,1.0,1.0
160,2020-07-02,Australia,,,,,,7139.0,0.0,0.0,1.0,1.0
