,date,country,confirmed,new_confirmed,new_conf_avg_7,growth,growth_avg_7,predict,new_predict,new_pred_avg_7,p_growth,p_gr_avg_7
0,2020-03-11,Turkey,1.0,1.0,,0.0,1.0,,,,,
1,2020-03-12,Turkey,3.0,2.0,,3.0,1.153,,,,,
2,2020-03-13,Turkey,5.0,2.0,,1.6669999999999998,1.246,,,,,
3,2020-03-14,Turkey,5.0,0.0,,1.0,1.2429999999999999,,,,,
4,2020-03-15,Turkey,6.0,1.0,,1.2,1.2690000000000001,,,,,
5,2020-03-16,Turkey,18.0,12.0,,3.0,1.554,,,,,
6,2020-03-17,Turkey,47.0,29.0,7.0,2.611,1.7830000000000001,,,,,
7,2020-03-18,Turkey,98.0,51.0,14.0,2.085,2.08,,,14.0,,
8,2020-03-19,Turkey,192.0,94.0,27.0,1.959,1.932,,,27.0,,
9,2020-03-20,Turkey,359.0,167.0,51.0,1.87,1.9609999999999999,,,51.0,,
10,2020-03-21,Turkey,670.0,311.0,95.0,1.8659999999999999,2.084,,,95.0,,
11,2020-03-22,Turkey,1236.0,566.0,176.0,1.845,2.177,,,176.0,,
12,2020-03-23,Turkey,1529.0,293.0,216.0,1.237,1.925,,,216.0,,
13,2020-03-24,Turkey,1872.0,343.0,261.0,1.224,1.7269999999999999,,,261.0,,
14,2020-03-25,Turkey,2433.0,561.0,334.0,1.3,1.614,,,334.0,,
15,2020-03-26,Turkey,3629.0,1196.0,491.0,1.492,1.548,,,491.0,,
16,2020-03-27,Turkey,5698.0,2069.0,763.0,1.57,1.505,,,763.0,,
17,2020-03-28,Turkey,7402.0,1704.0,962.0,1.2990000000000002,1.4240000000000002,,,962.0,,
18,2020-03-29,Turkey,9217.0,1815.0,1140.0,1.245,1.338,,,1140.0,,
19,2020-03-30,Turkey,10827.0,1610.0,1328.0,1.175,1.329,,,1328.0,,
20,2020-03-31,Turkey,13531.0,2704.0,1666.0,1.25,1.3330000000000002,,,1666.0,,
21,2020-04-01,Turkey,15679.0,2148.0,1892.0,1.159,1.3130000000000002,18888.0,,1892.0,,
22,2020-04-02,Turkey,18135.0,2456.0,2072.0,1.157,1.265,21101.0,2213.0,2072.0,1.117,
23,2020-04-03,Turkey,20921.0,2786.0,2175.0,1.1540000000000001,1.206,23751.0,2650.0,2175.0,1.126,
24,2020-04-04,Turkey,23934.0,3013.0,2362.0,1.1440000000000001,1.183,26837.0,3086.0,2362.0,1.13,
25,2020-04-05,Turkey,27069.0,3135.0,2550.0,1.131,1.167,30334.0,3497.0,2550.0,1.13,
26,2020-04-06,Turkey,30217.0,3148.0,2770.0,1.1159999999999999,1.159,34190.0,3856.0,2770.0,1.127,
27,2020-04-07,Turkey,34109.0,3892.0,2940.0,1.129,1.141,38336.0,4146.0,2940.0,1.121,
28,2020-04-08,Turkey,38226.0,4117.0,3221.0,1.121,1.136,42696.0,4360.0,3221.0,1.114,1.124
29,2020-04-09,Turkey,42627.0,4401.0,3499.0,1.115,1.13,47195.0,4499.0,3499.0,1.105,1.122
30,2020-04-10,Turkey,47029.0,4402.0,3730.0,1.103,1.123,51764.0,4569.0,3730.0,1.097,1.118
31,2020-04-11,Turkey,51992.0,4963.0,4008.0,1.1059999999999999,1.117,56348.0,4584.0,4008.0,1.089,1.112
32,2020-04-12,Turkey,56608.0,4616.0,4220.0,1.089,1.111,60901.0,4553.0,4220.0,1.081,1.105
33,2020-04-13,Turkey,61033.0,4425.0,4402.0,1.078,1.1059999999999999,65389.0,4488.0,4402.0,1.074,1.097
34,2020-04-14,Turkey,65220.0,4187.0,4444.0,1.069,1.097,69789.0,4400.0,4444.0,1.067,1.09
35,2020-04-15,Turkey,69652.0,4432.0,4489.0,1.068,1.09,74082.0,4293.0,4489.0,1.062,1.082
36,2020-04-16,Turkey,73969.0,4317.0,4477.0,1.062,1.082,78259.0,4177.0,4477.0,1.056,1.075
37,2020-04-17,Turkey,78261.0,4292.0,4462.0,1.058,1.0759999999999998,82313.0,4054.0,4462.0,1.052,1.069
38,2020-04-18,Turkey,82426.0,4165.0,4348.0,1.053,1.068,86241.0,3928.0,4348.0,1.048,1.063
39,2020-04-19,Turkey,86654.0,4228.0,4292.0,1.051,1.063,90042.0,3801.0,4292.0,1.044,1.058
40,2020-04-20,Turkey,90948.0,4294.0,4274.0,1.05,1.0590000000000002,93715.0,3673.0,4274.0,1.041,1.053
41,2020-04-21,Turkey,94827.0,3879.0,4230.0,1.043,1.055,97265.0,3550.0,4230.0,1.038,1.049
42,2020-04-22,Turkey,98690.0,3863.0,4148.0,1.041,1.051,100692.0,3427.0,4148.0,1.035,1.045
43,2020-04-23,Turkey,101793.0,3103.0,3975.0,1.031,1.047,103999.0,3307.0,3975.0,1.033,1.042
44,2020-04-24,Turkey,104781.0,2988.0,3789.0,1.0290000000000001,1.043,107191.0,3192.0,3789.0,1.031,1.039
45,2020-04-25,Turkey,107773.0,2992.0,3621.0,1.0290000000000001,1.0390000000000001,110270.0,3079.0,3621.0,1.029,1.036
46,2020-04-26,Turkey,,,,,,113240.0,2970.0,3798.0,1.027,1.033
47,2020-04-27,Turkey,,,,,,116105.0,2865.0,3594.0,1.025,1.031
48,2020-04-28,Turkey,,,,,,118868.0,2763.0,3434.0,1.024,1.029
49,2020-04-29,Turkey,,,,,,121532.0,2664.0,3263.0,1.022,1.027
50,2020-04-30,Turkey,,,,,,124102.0,2570.0,3187.0,1.021,1.026
51,2020-05-01,Turkey,,,,,,126580.0,2478.0,3114.0,1.02,1.024
52,2020-05-02,Turkey,,,,,,128969.0,2389.0,3028.0,1.019,1.023
53,2020-05-03,Turkey,,,,,,131273.0,2304.0,2576.0,1.018,1.021
54,2020-05-04,Turkey,,,,,,133495.0,2222.0,2484.0,1.017,1.02
55,2020-05-05,Turkey,,,,,,135638.0,2143.0,2396.0,1.016,1.019
56,2020-05-06,Turkey,,,,,,137703.0,2065.0,2310.0,1.015,1.018
57,2020-05-07,Turkey,,,,,,139695.0,1992.0,2228.0,1.014,1.017
58,2020-05-08,Turkey,,,,,,141616.0,1921.0,2148.0,1.014,1.016
59,2020-05-09,Turkey,,,,,,143468.0,1852.0,2071.0,1.013,1.015
60,2020-05-10,Turkey,,,,,,145254.0,1786.0,1997.0,1.012,1.014
61,2020-05-11,Turkey,,,,,,146976.0,1722.0,1926.0,1.012,1.014
62,2020-05-12,Turkey,,,,,,148637.0,1661.0,1857.0,1.011,1.013
63,2020-05-13,Turkey,,,,,,150238.0,1601.0,1791.0,1.011,1.012
64,2020-05-14,Turkey,,,,,,151782.0,1544.0,1727.0,1.01,1.012
65,2020-05-15,Turkey,,,,,,153270.0,1488.0,1665.0,1.01,1.011
66,2020-05-16,Turkey,,,,,,154706.0,1436.0,1605.0,1.009,1.011
67,2020-05-17,Turkey,,,,,,156090.0,1384.0,1548.0,1.009,1.01
68,2020-05-18,Turkey,,,,,,157425.0,1335.0,1493.0,1.009,1.01
69,2020-05-19,Turkey,,,,,,158712.0,1287.0,1439.0,1.008,1.009
70,2020-05-20,Turkey,,,,,,159952.0,1240.0,1388.0,1.008,1.009
71,2020-05-21,Turkey,,,,,,161149.0,1197.0,1338.0,1.007,1.009
72,2020-05-22,Turkey,,,,,,162303.0,1154.0,1290.0,1.007,1.008
73,2020-05-23,Turkey,,,,,,163415.0,1112.0,1244.0,1.007,1.008
74,2020-05-24,Turkey,,,,,,164488.0,1073.0,1200.0,1.007,1.008
75,2020-05-25,Turkey,,,,,,165522.0,1034.0,1157.0,1.006,1.007
76,2020-05-26,Turkey,,,,,,166520.0,998.0,1115.0,1.006,1.007
77,2020-05-27,Turkey,,,,,,167482.0,962.0,1076.0,1.006,1.007
78,2020-05-28,Turkey,,,,,,168409.0,927.0,1037.0,1.006,1.006
79,2020-05-29,Turkey,,,,,,169303.0,894.0,1000.0,1.005,1.006
80,2020-05-30,Turkey,,,,,,170165.0,862.0,964.0,1.005,1.006
81,2020-05-31,Turkey,,,,,,170997.0,832.0,930.0,1.005,1.006
82,2020-06-01,Turkey,,,,,,171799.0,802.0,897.0,1.005,1.005
83,2020-06-02,Turkey,,,,,,172572.0,773.0,865.0,1.004,1.005
84,2020-06-03,Turkey,,,,,,173317.0,745.0,834.0,1.004,1.005
85,2020-06-04,Turkey,,,,,,174036.0,719.0,804.0,1.004,1.005
86,2020-06-05,Turkey,,,,,,174729.0,693.0,775.0,1.004,1.004
87,2020-06-06,Turkey,,,,,,175397.0,668.0,747.0,1.004,1.004
88,2020-06-07,Turkey,,,,,,176041.0,644.0,721.0,1.004,1.004
89,2020-06-08,Turkey,,,,,,176663.0,622.0,695.0,1.004,1.004
90,2020-06-09,Turkey,,,,,,177262.0,599.0,670.0,1.003,1.004
91,2020-06-10,Turkey,,,,,,177840.0,578.0,646.0,1.003,1.004
92,2020-06-11,Turkey,,,,,,178397.0,557.0,623.0,1.003,1.004
93,2020-06-12,Turkey,,,,,,178934.0,537.0,601.0,1.003,1.003
94,2020-06-13,Turkey,,,,,,179452.0,518.0,579.0,1.003,1.003
95,2020-06-14,Turkey,,,,,,179951.0,499.0,559.0,1.003,1.003
96,2020-06-15,Turkey,,,,,,180433.0,482.0,539.0,1.003,1.003
97,2020-06-16,Turkey,,,,,,180897.0,464.0,519.0,1.003,1.003
98,2020-06-17,Turkey,,,,,,181345.0,448.0,501.0,1.002,1.003
99,2020-06-18,Turkey,,,,,,181776.0,431.0,483.0,1.002,1.003
100,2020-06-19,Turkey,,,,,,182193.0,417.0,466.0,1.002,1.003
101,2020-06-20,Turkey,,,,,,182594.0,401.0,449.0,1.002,1.002
102,2020-06-21,Turkey,,,,,,182981.0,387.0,433.0,1.002,1.002
103,2020-06-22,Turkey,,,,,,183354.0,373.0,417.0,1.002,1.002
104,2020-06-23,Turkey,,,,,,183714.0,360.0,402.0,1.002,1.002
105,2020-06-24,Turkey,,,,,,184061.0,347.0,388.0,1.002,1.002
106,2020-06-25,Turkey,,,,,,184396.0,335.0,374.0,1.002,1.002
107,2020-06-26,Turkey,,,,,,184718.0,322.0,361.0,1.002,1.002
108,2020-06-27,Turkey,,,,,,185030.0,312.0,348.0,1.002,1.002
109,2020-06-28,Turkey,,,,,,185330.0,300.0,336.0,1.002,1.002
110,2020-06-29,Turkey,,,,,,185619.0,289.0,324.0,1.002,1.002
111,2020-06-30,Turkey,,,,,,185898.0,279.0,312.0,1.002,1.002
112,2020-07-01,Turkey,,,,,,186167.0,269.0,301.0,1.001,1.002
113,2020-07-02,Turkey,,,,,,186426.0,259.0,290.0,1.001,1.002
114,2020-07-03,Turkey,,,,,,186676.0,250.0,280.0,1.001,1.002
115,2020-07-04,Turkey,,,,,,186917.0,241.0,270.0,1.001,1.001
116,2020-07-05,Turkey,,,,,,187150.0,233.0,260.0,1.001,1.001
117,2020-07-06,Turkey,,,,,,187374.0,224.0,251.0,1.001,1.001
118,2020-07-07,Turkey,,,,,,187590.0,216.0,242.0,1.001,1.001
119,2020-07-08,Turkey,,,,,,187798.0,208.0,233.0,1.001,1.001
120,2020-07-09,Turkey,,,,,,187999.0,201.0,225.0,1.001,1.001
121,2020-07-10,Turkey,,,,,,188193.0,194.0,217.0,1.001,1.001
122,2020-07-11,Turkey,,,,,,188380.0,187.0,209.0,1.001,1.001
123,2020-07-12,Turkey,,,,,,188560.0,180.0,201.0,1.001,1.001
124,2020-07-13,Turkey,,,,,,188734.0,174.0,194.0,1.001,1.001
125,2020-07-14,Turkey,,,,,,188901.0,167.0,187.0,1.001,1.001
126,2020-07-15,Turkey,,,,,,189063.0,162.0,181.0,1.001,1.001
127,2020-07-16,Turkey,,,,,,189219.0,156.0,174.0,1.001,1.001
128,2020-07-17,Turkey,,,,,,189369.0,150.0,168.0,1.001,1.001
129,2020-07-18,Turkey,,,,,,189514.0,145.0,162.0,1.001,1.001
130,2020-07-19,Turkey,,,,,,189653.0,139.0,156.0,1.001,1.001
131,2020-07-20,Turkey,,,,,,189788.0,135.0,151.0,1.001,1.001
132,2020-07-21,Turkey,,,,,,189918.0,130.0,145.0,1.001,1.001
133,2020-07-22,Turkey,,,,,,190043.0,125.0,140.0,1.001,1.001
134,2020-07-23,Turkey,,,,,,190164.0,121.0,135.0,1.001,1.001
135,2020-07-24,Turkey,,,,,,190280.0,116.0,130.0,1.001,1.001
136,2020-07-25,Turkey,,,,,,190393.0,113.0,126.0,1.001,1.001
137,2020-07-26,Turkey,,,,,,190501.0,108.0,121.0,1.001,1.001
138,2020-07-27,Turkey,,,,,,190605.0,104.0,117.0,1.001,1.001
139,2020-07-28,Turkey,,,,,,190706.0,101.0,113.0,1.001,1.001
140,2020-07-29,Turkey,,,,,,190803.0,97.0,109.0,1.001,1.001
141,2020-07-30,Turkey,,,,,,190896.0,93.0,105.0,1.0,1.001
142,2020-07-31,Turkey,,,,,,190987.0,91.0,101.0,1.0,1.001
143,2020-08-01,Turkey,,,,,,191074.0,87.0,97.0,1.0,1.001
144,2020-08-02,Turkey,,,,,,191157.0,83.0,94.0,1.0,1.0
145,2020-08-03,Turkey,,,,,,191238.0,81.0,90.0,1.0,1.0
146,2020-08-04,Turkey,,,,,,191316.0,78.0,87.0,1.0,1.0
147,2020-08-05,Turkey,,,,,,191392.0,76.0,84.0,1.0,1.0
148,2020-08-06,Turkey,,,,,,191464.0,72.0,81.0,1.0,1.0
149,2020-08-07,Turkey,,,,,,191534.0,70.0,78.0,1.0,1.0
150,2020-08-08,Turkey,,,,,,191601.0,67.0,75.0,1.0,1.0
151,2020-08-09,Turkey,,,,,,191666.0,65.0,73.0,1.0,1.0
152,2020-08-10,Turkey,,,,,,191729.0,63.0,70.0,1.0,1.0
153,2020-08-11,Turkey,,,,,,191790.0,61.0,68.0,1.0,1.0
154,2020-08-12,Turkey,,,,,,191848.0,58.0,65.0,1.0,1.0
155,2020-08-13,Turkey,,,,,,191904.0,56.0,63.0,1.0,1.0
156,2020-08-14,Turkey,,,,,,191958.0,54.0,61.0,1.0,1.0
157,2020-08-15,Turkey,,,,,,192011.0,53.0,59.0,1.0,1.0
158,2020-08-16,Turkey,,,,,,192061.0,50.0,56.0,1.0,1.0
159,2020-08-17,Turkey,,,,,,192109.0,48.0,54.0,1.0,1.0
160,2020-08-18,Turkey,,,,,,192156.0,47.0,52.0,1.0,1.0
161,2020-08-19,Turkey,,,,,,192201.0,45.0,50.0,1.0,1.0
162,2020-08-20,Turkey,,,,,,192245.0,44.0,49.0,1.0,1.0
163,2020-08-21,Turkey,,,,,,192287.0,42.0,47.0,1.0,1.0
164,2020-08-22,Turkey,,,,,,192328.0,41.0,45.0,1.0,1.0
165,2020-08-23,Turkey,,,,,,192367.0,39.0,44.0,1.0,1.0
166,2020-08-24,Turkey,,,,,,192404.0,37.0,42.0,1.0,1.0
167,2020-08-25,Turkey,,,,,,192441.0,37.0,41.0,1.0,1.0
168,2020-08-26,Turkey,,,,,,192476.0,35.0,39.0,1.0,1.0
169,2020-08-27,Turkey,,,,,,192509.0,33.0,38.0,1.0,1.0
170,2020-08-28,Turkey,,,,,,192542.0,33.0,36.0,1.0,1.0
171,2020-08-29,Turkey,,,,,,192573.0,31.0,35.0,1.0,1.0
172,2020-08-30,Turkey,,,,,,192604.0,31.0,34.0,1.0,1.0
173,2020-08-31,Turkey,,,,,,192633.0,29.0,33.0,1.0,1.0
174,2020-09-01,Turkey,,,,,,192661.0,28.0,31.0,1.0,1.0
175,2020-09-02,Turkey,,,,,,192688.0,27.0,30.0,1.0,1.0
176,2020-09-03,Turkey,,,,,,192714.0,26.0,29.0,1.0,1.0
177,2020-09-04,Turkey,,,,,,192739.0,25.0,28.0,1.0,1.0
178,2020-09-05,Turkey,,,,,,192764.0,25.0,27.0,1.0,1.0
179,2020-09-06,Turkey,,,,,,192787.0,23.0,26.0,1.0,1.0
180,2020-09-07,Turkey,,,,,,192810.0,23.0,25.0,1.0,1.0
181,2020-09-08,Turkey,,,,,,192832.0,22.0,24.0,1.0,1.0
182,2020-09-09,Turkey,,,,,,192853.0,21.0,24.0,1.0,1.0
183,2020-09-10,Turkey,,,,,,192873.0,20.0,23.0,1.0,1.0
184,2020-09-11,Turkey,,,,,,192892.0,19.0,22.0,1.0,1.0
185,2020-09-12,Turkey,,,,,,192911.0,19.0,21.0,1.0,1.0
186,2020-09-13,Turkey,,,,,,192929.0,18.0,20.0,1.0,1.0
187,2020-09-14,Turkey,,,,,,192947.0,18.0,20.0,1.0,1.0
188,2020-09-15,Turkey,,,,,,192964.0,17.0,19.0,1.0,1.0
189,2020-09-16,Turkey,,,,,,192980.0,16.0,18.0,1.0,1.0
190,2020-09-17,Turkey,,,,,,192996.0,16.0,18.0,1.0,1.0
191,2020-09-18,Turkey,,,,,,193011.0,15.0,17.0,1.0,1.0
192,2020-09-19,Turkey,,,,,,193026.0,15.0,16.0,1.0,1.0
193,2020-09-20,Turkey,,,,,,193040.0,14.0,16.0,1.0,1.0
194,2020-09-21,Turkey,,,,,,193053.0,13.0,15.0,1.0,1.0
195,2020-09-22,Turkey,,,,,,193066.0,13.0,15.0,1.0,1.0
196,2020-09-23,Turkey,,,,,,193079.0,13.0,14.0,1.0,1.0
197,2020-09-24,Turkey,,,,,,193091.0,12.0,14.0,1.0,1.0
198,2020-09-25,Turkey,,,,,,193103.0,12.0,13.0,1.0,1.0
199,2020-09-26,Turkey,,,,,,193114.0,11.0,13.0,1.0,1.0
200,2020-09-27,Turkey,,,,,,193125.0,11.0,12.0,1.0,1.0
201,2020-09-28,Turkey,,,,,,193136.0,11.0,12.0,1.0,1.0
202,2020-09-29,Turkey,,,,,,193146.0,10.0,11.0,1.0,1.0
203,2020-09-30,Turkey,,,,,,193156.0,10.0,11.0,1.0,1.0
204,2020-10-01,Turkey,,,,,,193165.0,9.0,11.0,1.0,1.0
205,2020-10-02,Turkey,,,,,,193174.0,9.0,10.0,1.0,1.0
206,2020-10-03,Turkey,,,,,,193183.0,9.0,10.0,1.0,1.0
207,2020-10-04,Turkey,,,,,,193192.0,9.0,10.0,1.0,1.0
208,2020-10-05,Turkey,,,,,,193200.0,8.0,9.0,1.0,1.0
209,2020-10-06,Turkey,,,,,,193208.0,8.0,9.0,1.0,1.0
210,2020-10-07,Turkey,,,,,,193215.0,7.0,8.0,1.0,1.0
211,2020-10-08,Turkey,,,,,,193222.0,7.0,8.0,1.0,1.0
212,2020-10-09,Turkey,,,,,,193230.0,8.0,8.0,1.0,1.0
213,2020-10-10,Turkey,,,,,,193236.0,6.0,8.0,1.0,1.0
214,2020-10-11,Turkey,,,,,,193243.0,7.0,7.0,1.0,1.0
215,2020-10-12,Turkey,,,,,,193249.0,6.0,7.0,1.0,1.0
216,2020-10-13,Turkey,,,,,,193255.0,6.0,7.0,1.0,1.0
217,2020-10-14,Turkey,,,,,,193261.0,6.0,7.0,1.0,1.0
218,2020-10-15,Turkey,,,,,,193267.0,6.0,6.0,1.0,1.0
219,2020-10-16,Turkey,,,,,,193272.0,5.0,6.0,1.0,1.0
220,2020-10-17,Turkey,,,,,,193278.0,6.0,6.0,1.0,1.0
221,2020-10-18,Turkey,,,,,,193283.0,5.0,6.0,1.0,1.0
222,2020-10-19,Turkey,,,,,,193288.0,5.0,6.0,1.0,1.0
223,2020-10-20,Turkey,,,,,,193292.0,4.0,5.0,1.0,1.0
224,2020-10-21,Turkey,,,,,,193297.0,5.0,5.0,1.0,1.0
225,2020-10-22,Turkey,,,,,,193301.0,4.0,5.0,1.0,1.0
226,2020-10-23,Turkey,,,,,,193306.0,5.0,5.0,1.0,1.0
227,2020-10-24,Turkey,,,,,,193310.0,4.0,5.0,1.0,1.0
228,2020-10-25,Turkey,,,,,,193314.0,4.0,4.0,1.0,1.0
229,2020-10-26,Turkey,,,,,,193317.0,3.0,4.0,1.0,1.0
230,2020-10-27,Turkey,,,,,,193321.0,4.0,4.0,1.0,1.0
