,date,country,confirmed,new_confirmed,new_conf_avg_7,growth,growth_avg_7,predict,new_predict,new_pred_avg_7,p_growth,p_gr_avg_7
0,2019-12-31,China,27.0,27.0,,0.0,,0,,,1.0,
1,2020-01-01,China,27.0,0.0,,1.0,,0,0.0,,0.0,
2,2020-01-02,China,34.0,7.0,,1.2590000000000001,,0,0.0,,0.0,
3,2020-01-03,China,41.0,7.0,,1.206,,0,0.0,,0.0,
4,2020-01-04,China,41.0,0.0,,1.0,,0,0.0,,0.0,
5,2020-01-05,China,41.0,0.0,,1.0,,0,0.0,,0.0,
6,2020-01-06,China,41.0,0.0,6.0,1.0,1.0,0,0.0,,0.0,1.0
7,2020-01-07,China,41.0,0.0,2.0,1.0,1.0659999999999998,0,0.0,2.0,0.0,1.0
8,2020-01-08,China,41.0,0.0,2.0,1.0,1.0659999999999998,0,0.0,2.0,0.0,1.0
9,2020-01-09,China,42.0,1.0,1.0,1.024,1.033,0,0.0,1.0,0.0,1.0
10,2020-01-10,China,44.0,2.0,0.0,1.048,1.01,0,0.0,0.0,0.0,1.0
11,2020-01-11,China,44.0,0.0,0.0,1.0,1.01,0,0.0,0.0,0.0,1.0
12,2020-01-12,China,44.0,0.0,0.0,1.0,1.01,0,0.0,0.0,0.0,1.0
13,2020-01-13,China,44.0,0.0,0.0,1.0,1.01,0,0.0,0.0,0.0,1.0
14,2020-01-14,China,44.0,0.0,0.0,1.0,1.01,0,0.0,0.0,0.0,1.0
15,2020-01-15,China,44.0,0.0,0.0,1.0,1.01,43,43.0,0.0,0.0,1.0
16,2020-01-16,China,53.0,9.0,2.0,1.205,1.036,133,90.0,2.0,3.093,1.0
17,2020-01-17,China,62.0,9.0,3.0,1.17,1.054,248,115.0,3.0,1.865,1.0
18,2020-01-18,China,121.0,59.0,11.0,1.952,1.19,393,145.0,11.0,1.585,1.0
19,2020-01-19,China,198.0,77.0,22.0,1.636,1.28,577,184.0,22.0,1.468,1.144
20,2020-01-20,China,291.0,93.0,35.0,1.47,1.348,811,234.0,35.0,1.406,1.345
21,2020-01-21,China,440.0,149.0,57.0,1.5119999999999998,1.421,1105,294.0,57.0,1.363,1.54
22,2020-01-22,China,547.0,107.0,72.0,1.2429999999999999,1.455,1477,372.0,72.0,1.337,1.731
23,2020-01-23,China,695.0,148.0,92.0,1.271,1.465,1942,465.0,92.0,1.315,1.477
24,2020-01-24,China,925.0,230.0,123.0,1.331,1.4880000000000002,2524,582.0,123.0,1.3,1.396
25,2020-01-25,China,1414.0,489.0,185.0,1.5290000000000001,1.4269999999999998,3249,725.0,185.0,1.287,1.354
26,2020-01-26,China,2067.0,653.0,267.0,1.462,1.403,4145,896.0,267.0,1.276,1.326
27,2020-01-27,China,2863.0,796.0,367.0,1.385,1.39,5245,1100.0,367.0,1.265,1.306
28,2020-01-28,China,5494.0,2631.0,722.0,1.919,1.449,6585,1340.0,722.0,1.255,1.291
29,2020-01-29,China,6776.0,1282.0,890.0,1.2329999999999999,1.4469999999999998,8203,1618.0,890.0,1.246,1.278
30,2020-01-30,China,8124.0,1348.0,1061.0,1.199,1.4369999999999998,10134,1931.0,1061.0,1.235,1.266
31,2020-01-31,China,9784.0,1660.0,1266.0,1.204,1.419,12409,2275.0,1266.0,1.224,1.255
32,2020-02-01,China,11875.0,2091.0,1494.0,1.214,1.374,15051,2642.0,1494.0,1.213,1.245
33,2020-02-02,China,16607.0,4732.0,2077.0,1.3980000000000001,1.365,18071,3020.0,2077.0,1.201,1.234
34,2020-02-03,China,19693.0,3086.0,2404.0,1.186,1.3359999999999999,21461,3390.0,2404.0,1.188,1.223
35,2020-02-04,China,23680.0,3987.0,2598.0,1.202,1.234,25193,3732.0,2598.0,1.174,1.212
36,2020-02-05,China,27419.0,3739.0,2949.0,1.158,1.2229999999999999,29216,4023.0,2949.0,1.16,1.199
37,2020-02-06,China,30555.0,3136.0,3204.0,1.114,1.2109999999999999,33459,4243.0,3204.0,1.145,1.186
38,2020-02-07,China,34075.0,3520.0,3470.0,1.115,1.198,37835,4376.0,3470.0,1.131,1.173
39,2020-02-08,China,36798.0,2723.0,3560.0,1.08,1.179,42247,4412.0,3560.0,1.117,1.159
40,2020-02-09,China,39792.0,2994.0,3312.0,1.081,1.1340000000000001,46596,4349.0,3312.0,1.103,1.145
41,2020-02-10,China,42309.0,2517.0,3231.0,1.063,1.1159999999999999,50791,4195.0,3231.0,1.09,1.131
42,2020-02-11,China,44328.0,2019.0,2950.0,1.048,1.094,54756,3965.0,2950.0,1.078,1.118
43,2020-02-12,China,52119.0,7791.0,3529.0,1.176,1.097,58431,3675.0,3529.0,1.067,1.104
44,2020-02-13,China,59835.0,7716.0,4183.0,1.148,1.102,61778,3347.0,4183.0,1.057,1.092
45,2020-02-14,China,66292.0,6457.0,4602.0,1.1079999999999999,1.101,64778,3000.0,4602.0,1.049,1.08
46,2020-02-15,China,68348.0,2056.0,4507.0,1.031,1.094,67430,2652.0,4507.0,1.041,1.069
47,2020-02-16,China,70446.0,2098.0,4379.0,1.031,1.0859999999999999,69746,2316.0,4379.0,1.034,1.059
48,2020-02-17,China,72364.0,1918.0,4294.0,1.0270000000000001,1.081,71745,1999.0,4294.0,1.029,1.051
49,2020-02-18,China,74142.0,1778.0,4259.0,1.025,1.078,73456,1711.0,4259.0,1.024,1.043
50,2020-02-19,China,74547.0,405.0,3204.0,1.005,1.054,74909,1453.0,3204.0,1.02,1.036
51,2020-02-20,China,75112.0,565.0,2182.0,1.008,1.034,76133,1224.0,2182.0,1.016,1.03
52,2020-02-21,China,75472.0,360.0,1311.0,1.005,1.0190000000000001,77161,1028.0,1311.0,1.014,1.025
53,2020-02-22,China,76922.0,1450.0,1225.0,1.0190000000000001,1.0170000000000001,78018,857.0,1225.0,1.011,1.021
54,2020-02-23,China,77041.0,119.0,942.0,1.002,1.013,78731,713.0,942.0,1.009,1.018
55,2020-02-24,China,77152.0,111.0,684.0,1.001,1.0090000000000001,79322,591.0,684.0,1.008,1.015
56,2020-02-25,China,77660.0,508.0,503.0,1.0070000000000001,1.0070000000000001,79810,488.0,503.0,1.006,1.012
57,2020-02-26,China,78071.0,411.0,503.0,1.005,1.0070000000000001,80212,402.0,503.0,1.005,1.01
58,2020-02-27,China,78498.0,427.0,484.0,1.005,1.006,80544,332.0,484.0,1.004,1.008
59,2020-02-28,China,78824.0,326.0,479.0,1.004,1.006,80816,272.0,479.0,1.003,1.007
60,2020-02-29,China,79252.0,428.0,333.0,1.005,1.004,81040,224.0,333.0,1.003,1.005
61,2020-03-01,China,79826.0,574.0,398.0,1.0070000000000001,1.005,81223,183.0,398.0,1.002,1.004
62,2020-03-02,China,80027.0,201.0,411.0,1.003,1.005,81373,150.0,411.0,1.002,1.004
63,2020-03-03,China,80153.0,126.0,356.0,1.002,1.004,81496,123.0,356.0,1.002,1.003
64,2020-03-04,China,80277.0,124.0,315.0,1.002,1.004,81597,101.0,315.0,1.001,1.002
65,2020-03-05,China,80424.0,147.0,275.0,1.002,1.004,81679,82.0,275.0,1.001,1.002
66,2020-03-06,China,80573.0,149.0,250.0,1.002,1.003,81747,68.0,250.0,1.001,1.002
67,2020-03-07,China,80652.0,79.0,200.0,1.001,1.003,81802,55.0,200.0,1.001,1.001
68,2020-03-08,China,80699.0,47.0,125.0,1.001,1.002,81847,45.0,125.0,1.001,1.001
69,2020-03-09,China,80736.0,37.0,101.0,1.0,1.001,81884,37.0,101.0,1.0,1.001
70,2020-03-10,China,80758.0,22.0,86.0,1.0,1.001,81914,30.0,86.0,1.0,1.001
71,2020-03-11,China,80785.0,27.0,73.0,1.0,1.001,81938,24.0,73.0,1.0,1.001
72,2020-03-12,China,80794.0,9.0,53.0,1.0,1.001,81958,20.0,53.0,1.0,1.0
73,2020-03-13,China,80808.0,14.0,34.0,1.0,1.0,81975,17.0,34.0,1.0,1.0
74,2020-03-14,China,80829.0,21.0,25.0,1.0,1.0,81988,13.0,25.0,1.0,1.0
75,2020-03-15,China,80850.0,21.0,22.0,1.0,1.0,81999,11.0,22.0,1.0,1.0
76,2020-03-16,China,80867.0,17.0,19.0,1.0,1.0,82008,9.0,19.0,1.0,1.0
77,2020-03-17,China,80884.0,17.0,18.0,1.0,1.0,82015,7.0,18.0,1.0,1.0
78,2020-03-18,China,80906.0,22.0,17.0,1.0,1.0,82021,6.0,17.0,1.0,1.0
79,2020-03-19,China,80932.0,26.0,20.0,1.0,1.0,82026,5.0,20.0,1.0,1.0
80,2020-03-20,China,80977.0,45.0,24.0,1.001,1.0,82030,4.0,24.0,1.0,1.0
81,2020-03-21,China,81016.0,39.0,27.0,1.0,1.0,82033,3.0,27.0,1.0,1.0
82,2020-03-22,China,81062.0,46.0,30.0,1.001,1.0,82036,3.0,30.0,1.0,1.0
83,2020-03-23,China,81118.0,56.0,36.0,1.001,1.0,82038,2.0,36.0,1.0,1.0
84,2020-03-24,China,81181.0,63.0,42.0,1.001,1.001,82040,2.0,42.0,1.0,1.0
85,2020-03-25,China,81225.0,44.0,46.0,1.001,1.001,82041,1.0,46.0,1.0,1.0
86,2020-03-26,China,81298.0,73.0,52.0,1.001,1.001,82042,1.0,52.0,1.0,1.0
87,2020-03-27,China,81348.0,50.0,53.0,1.001,1.001,82043,1.0,53.0,1.0,1.0
88,2020-03-28,China,81404.0,56.0,55.0,1.001,1.001,82044,1.0,55.0,1.0,1.0
89,2020-03-29,China,81445.0,41.0,55.0,1.001,1.001,82044,0.0,55.0,1.0,1.0
90,2020-03-30,China,81480.0,35.0,52.0,1.0,1.001,82045,1.0,52.0,1.0,1.0
91,2020-03-31,China,81528.0,48.0,50.0,1.001,1.001,82045,0.0,50.0,1.0,1.0
92,2020-04-01,China,81558.0,30.0,48.0,1.0,1.001,82046,1.0,48.0,1.0,1.0
93,2020-04-02,China,81593.0,35.0,42.0,1.0,1.001,82046,0.0,42.0,1.0,1.0
94,2020-04-03,China,81623.0,30.0,39.0,1.0,1.0,82046,0.0,39.0,1.0,1.0
95,2020-04-04,China,81638.0,15.0,33.0,1.0,1.0,82046,0.0,33.0,1.0,1.0
96,2020-04-05,China,81668.0,30.0,32.0,1.0,1.0,82047,1.0,32.0,1.0,1.0
97,2020-04-06,China,81708.0,40.0,33.0,1.0,1.0,82047,0.0,33.0,1.0,1.0
98,2020-04-07,China,81751.0,43.0,32.0,1.001,1.0,82047,0.0,32.0,1.0,1.0
99,2020-04-08,China,81805.0,54.0,35.0,1.001,1.0,82047,0.0,35.0,1.0,1.0
100,2020-04-09,China,81865.0,60.0,39.0,1.001,1.0,82047,0.0,39.0,1.0,1.0
101,2020-04-10,China,81919.0,54.0,42.0,1.001,1.001,82047,0.0,42.0,1.0,1.0
102,2020-04-11,China,81995.0,76.0,51.0,1.001,1.001,82047,0.0,51.0,1.0,1.0
103,2020-04-12,China,82085.0,90.0,60.0,1.001,1.001,82047,0.0,60.0,1.0,1.0
104,2020-04-13,China,82159.0,74.0,64.0,1.001,1.001,82047,0.0,64.0,1.0,1.0
105,2020-04-14,China,82258.0,99.0,72.0,1.001,1.001,82047,0.0,72.0,1.0,1.0
106,2020-04-15,China,82295.0,37.0,70.0,1.0,1.001,82047,0.0,70.0,1.0,1.0
107,2020-04-16,China,82504.0,209.0,91.0,1.003,1.001,82047,0.0,91.0,1.0,1.0
108,2020-04-17,China,82694.0,190.0,111.0,1.002,1.001,82047,0.0,111.0,1.0,1.0
109,2020-04-18,China,82722.0,28.0,104.0,1.0,1.001,82047,0.0,104.0,1.0,1.0
110,2020-04-19,China,82735.0,13.0,93.0,1.0,1.001,82047,0.0,93.0,1.0,1.0
111,2020-04-20,China,82758.0,23.0,86.0,1.0,1.001,82047,0.0,86.0,1.0,1.0
112,2020-04-21,China,82779.0,21.0,74.0,1.0,1.001,82047,0.0,74.0,1.0,1.0
113,2020-04-22,China,82792.0,13.0,71.0,1.0,1.001,82047,0.0,71.0,1.0,1.0
114,2020-04-23,China,82808.0,16.0,43.0,1.0,1.0,82047,0.0,43.0,1.0,1.0
115,2020-04-24,China,82819.0,11.0,18.0,1.0,1.0,82047,0.0,18.0,1.0,1.0
116,2020-04-25,China,82827.0,8.0,15.0,1.0,1.0,82047,0.0,15.0,1.0,1.0
117,2020-04-26,China,82831.0,4.0,14.0,1.0,1.0,82047,0.0,14.0,1.0,1.0
118,2020-04-27,China,82846.0,15.0,13.0,1.0,1.0,82047,0.0,13.0,1.0,1.0
119,2020-04-28,China,82858.0,12.0,11.0,1.0,1.0,82047,0.0,11.0,1.0,1.0
120,2020-04-29,China,82864.0,6.0,10.0,1.0,1.0,82047,0.0,10.0,1.0,1.0
121,2020-04-30,China,82874.0,10.0,9.0,1.0,1.0,82047,0.0,9.0,1.0,1.0
122,2020-05-01,China,82875.0,1.0,8.0,1.0,1.0,82047,0.0,8.0,1.0,1.0
123,2020-05-02,China,82876.0,1.0,7.0,1.0,1.0,82047,0.0,7.0,1.0,1.0
124,2020-05-03,China,82880.0,4.0,7.0,1.0,1.0,82047,0.0,7.0,1.0,1.0
125,2020-05-04,China,82882.0,2.0,5.0,1.0,1.0,82047,0.0,5.0,1.0,1.0
126,2020-05-05,China,82883.0,1.0,4.0,1.0,1.0,82047,0.0,4.0,1.0,1.0
127,2020-05-06,China,82885.0,2.0,3.0,1.0,1.0,82047,0.0,3.0,1.0,1.0
128,2020-05-07,China,82886.0,1.0,2.0,1.0,1.0,82047,0.0,2.0,1.0,1.0
129,2020-05-08,China,82893.0,7.0,3.0,1.0,1.0,82047,0.0,3.0,1.0,1.0
130,2020-05-09,China,82904.0,11.0,4.0,1.0,1.0,82047,0.0,4.0,1.0,1.0
131,2020-05-10,China,82918.0,14.0,5.0,1.0,1.0,82047,0.0,5.0,1.0,1.0
132,2020-05-11,China,82922.0,4.0,6.0,1.0,1.0,82047,0.0,6.0,1.0,1.0
133,2020-05-12,China,82927.0,5.0,6.0,1.0,1.0,82047,0.0,6.0,1.0,1.0
134,2020-05-13,China,82929.0,2.0,6.0,1.0,1.0,82047,0.0,6.0,1.0,1.0
135,2020-05-14,China,82935.0,6.0,7.0,1.0,1.0,82047,0.0,7.0,1.0,1.0
136,2020-05-15,China,82941.0,6.0,7.0,1.0,1.0,82047,0.0,7.0,1.0,1.0
137,2020-05-16,China,82949.0,8.0,6.0,1.0,1.0,82047,0.0,6.0,1.0,1.0
138,2020-05-17,China,82954.0,5.0,5.0,1.0,1.0,82047,0.0,5.0,1.0,1.0
139,2020-05-18,China,82963.0,9.0,6.0,1.0,1.0,82047,0.0,6.0,1.0,1.0
140,2020-05-19,China,82963.0,0.0,5.0,1.0,1.0,82047,0.0,5.0,1.0,1.0
141,2020-05-20,China,82963.0,0.0,5.0,1.0,1.0,82047,0.0,5.0,1.0,1.0
142,2020-05-21,China,82965.0,2.0,4.0,1.0,1.0,82047,0.0,4.0,1.0,1.0
143,2020-05-22,China,82971.0,6.0,4.0,1.0,1.0,82047,0.0,4.0,1.0,1.0
144,2020-05-23,China,82979.0,8.0,4.0,1.0,1.0,82047,0.0,4.0,1.0,1.0
145,2020-05-24,China,82985.0,6.0,4.0,1.0,1.0,82047,0.0,4.0,1.0,1.0
146,2020-05-25,China,82992.0,7.0,4.0,1.0,1.0,82047,0.0,4.0,1.0,1.0
147,2020-05-26,China,82993.0,1.0,4.0,1.0,1.0,82047,0.0,4.0,1.0,1.0
148,2020-05-27,China,82995.0,2.0,5.0,1.0,1.0,82047,0.0,5.0,1.0,1.0
149,2020-05-28,China,82996.0,1.0,4.0,1.0,1.0,82047,0.0,4.0,1.0,1.0
150,2020-05-29,China,82999.0,3.0,4.0,1.0,1.0,82047,0.0,4.0,1.0,1.0
151,2020-05-30,China,83001.0,2.0,3.0,1.0,1.0,82047,0.0,3.0,1.0,1.0
152,2020-05-31,China,,,,,,82047,0.0,-134.0,1.0,1.0
153,2020-06-01,China,,,,,,82047,0.0,-135.0,1.0,1.0
154,2020-06-02,China,,,,,,82047,0.0,-135.0,1.0,1.0
155,2020-06-03,China,,,,,,82047,0.0,-135.0,1.0,1.0
156,2020-06-04,China,,,,,,82047,0.0,-136.0,1.0,1.0
157,2020-06-05,China,,,,,,82047,0.0,-136.0,1.0,1.0
158,2020-06-06,China,,,,,,82047,0.0,-136.0,1.0,1.0
159,2020-06-07,China,,,,,,82047,0.0,0.0,1.0,1.0
160,2020-06-08,China,,,,,,82047,0.0,0.0,1.0,1.0
161,2020-06-09,China,,,,,,82047,0.0,0.0,1.0,1.0
162,2020-06-10,China,,,,,,82047,0.0,0.0,1.0,1.0
163,2020-06-11,China,,,,,,82047,0.0,0.0,1.0,1.0
164,2020-06-12,China,,,,,,82047,0.0,0.0,1.0,1.0
165,2020-06-13,China,,,,,,82047,0.0,0.0,1.0,1.0
166,2020-06-14,China,,,,,,82047,0.0,0.0,1.0,1.0
167,2020-06-15,China,,,,,,82047,0.0,0.0,1.0,1.0
168,2020-06-16,China,,,,,,82047,0.0,0.0,1.0,1.0
169,2020-06-17,China,,,,,,82047,0.0,0.0,1.0,1.0
170,2020-06-18,China,,,,,,82047,0.0,0.0,1.0,1.0
171,2020-06-19,China,,,,,,82047,0.0,0.0,1.0,1.0
172,2020-06-20,China,,,,,,82047,0.0,0.0,1.0,1.0
173,2020-06-21,China,,,,,,82047,0.0,0.0,1.0,1.0
174,2020-06-22,China,,,,,,82047,0.0,0.0,1.0,1.0
175,2020-06-23,China,,,,,,82047,0.0,0.0,1.0,1.0
176,2020-06-24,China,,,,,,82047,0.0,0.0,1.0,1.0
177,2020-06-25,China,,,,,,82047,0.0,0.0,1.0,1.0
178,2020-06-26,China,,,,,,82047,0.0,0.0,1.0,1.0
179,2020-06-27,China,,,,,,82047,0.0,0.0,1.0,1.0
180,2020-06-28,China,,,,,,82047,0.0,0.0,1.0,1.0
181,2020-06-29,China,,,,,,82047,0.0,0.0,1.0,1.0
182,2020-06-30,China,,,,,,82047,0.0,0.0,1.0,1.0
183,2020-07-01,China,,,,,,82047,0.0,0.0,1.0,1.0
184,2020-07-02,China,,,,,,82047,0.0,0.0,1.0,1.0
185,2020-07-03,China,,,,,,82047,0.0,0.0,1.0,1.0
186,2020-07-04,China,,,,,,82047,0.0,0.0,1.0,1.0
187,2020-07-05,China,,,,,,82047,0.0,0.0,1.0,1.0
