,date,country,confirmed,new_confirmed,new_conf_avg_7,growth,growth_avg_7,predict,new_predict,new_pred_avg_7,p_growth,p_gr_avg_7
0,2020-02-04,Belgium,1.0,1.0,,0.0,1.0,,,,,
1,2020-02-05,Belgium,1.0,0.0,,1.0,1.0,,,,,
2,2020-02-06,Belgium,1.0,0.0,,1.0,1.0,,,,,
3,2020-02-07,Belgium,1.0,0.0,,1.0,1.0,,,,,
4,2020-02-08,Belgium,1.0,0.0,,1.0,1.0,,,,,
5,2020-02-09,Belgium,1.0,0.0,,1.0,1.0,,,,,
6,2020-02-10,Belgium,1.0,0.0,0.0,1.0,1.0,,,,,
7,2020-02-11,Belgium,1.0,0.0,0.0,1.0,1.0,,,0.0,,
8,2020-02-12,Belgium,1.0,0.0,0.0,1.0,1.0,,,0.0,,
9,2020-02-13,Belgium,1.0,0.0,0.0,1.0,1.0,,,0.0,,
10,2020-02-14,Belgium,1.0,0.0,0.0,1.0,1.0,,,0.0,,
11,2020-02-15,Belgium,1.0,0.0,0.0,1.0,1.0,,,0.0,,
12,2020-02-16,Belgium,1.0,0.0,0.0,1.0,1.0,,,0.0,,
13,2020-02-17,Belgium,1.0,0.0,0.0,1.0,1.0,,,0.0,,
14,2020-02-18,Belgium,1.0,0.0,0.0,1.0,1.0,,,0.0,,
15,2020-02-19,Belgium,1.0,0.0,0.0,1.0,1.0,,,0.0,,
16,2020-02-20,Belgium,1.0,0.0,0.0,1.0,1.0,,,0.0,,
17,2020-02-21,Belgium,1.0,0.0,0.0,1.0,1.0,,,0.0,,
18,2020-02-22,Belgium,1.0,0.0,0.0,1.0,1.0,,,0.0,,
19,2020-02-23,Belgium,1.0,0.0,0.0,1.0,1.0,,,0.0,,
20,2020-02-24,Belgium,1.0,0.0,0.0,1.0,1.0,,,0.0,,
21,2020-02-25,Belgium,1.0,0.0,0.0,1.0,1.0,,,0.0,,
22,2020-02-26,Belgium,1.0,0.0,0.0,1.0,1.0,,,0.0,,
23,2020-02-27,Belgium,1.0,0.0,0.0,1.0,1.0,,,0.0,,
24,2020-02-28,Belgium,1.0,0.0,0.0,1.0,1.0,,,0.0,,
25,2020-02-29,Belgium,1.0,0.0,0.0,1.0,1.0,,,0.0,,
26,2020-03-01,Belgium,2.0,1.0,0.0,2.0,1.143,,,0.0,,
27,2020-03-02,Belgium,8.0,6.0,1.0,4.0,1.571,181.0,,1.0,,
28,2020-03-03,Belgium,13.0,5.0,2.0,1.625,1.661,183.0,2.0,2.0,1.011,
29,2020-03-04,Belgium,23.0,10.0,3.0,1.7690000000000001,1.771,185.0,2.0,3.0,1.011,
30,2020-03-05,Belgium,50.0,27.0,7.0,2.174,1.9380000000000002,188.0,3.0,7.0,1.016,
31,2020-03-06,Belgium,109.0,59.0,15.0,2.18,2.1069999999999998,193.0,5.0,15.0,1.027,
32,2020-03-07,Belgium,169.0,60.0,24.0,1.55,2.185,200.0,7.0,24.0,1.036,
33,2020-03-08,Belgium,200.0,31.0,28.0,1.183,2.069,210.0,10.0,28.0,1.05,
34,2020-03-09,Belgium,239.0,39.0,33.0,1.195,1.6680000000000001,224.0,14.0,33.0,1.067,1.031
35,2020-03-10,Belgium,267.0,28.0,36.0,1.117,1.595,245.0,21.0,36.0,1.094,1.043
36,2020-03-11,Belgium,314.0,47.0,42.0,1.176,1.511,273.0,28.0,42.0,1.114,1.058
37,2020-03-12,Belgium,436.0,122.0,55.0,1.389,1.399,312.0,39.0,55.0,1.143,1.076
38,2020-03-13,Belgium,559.0,123.0,64.0,1.2819999999999998,1.27,363.0,51.0,64.0,1.163,1.095
39,2020-03-14,Belgium,689.0,130.0,74.0,1.2329999999999999,1.225,431.0,68.0,74.0,1.187,1.117
40,2020-03-15,Belgium,886.0,197.0,98.0,1.286,1.24,520.0,89.0,98.0,1.206,1.139
41,2020-03-16,Belgium,1058.0,172.0,117.0,1.194,1.24,633.0,113.0,117.0,1.217,1.161
42,2020-03-17,Belgium,1243.0,185.0,139.0,1.175,1.248,776.0,143.0,139.0,1.226,1.179
43,2020-03-18,Belgium,1486.0,243.0,167.0,1.195,1.251,954.0,178.0,167.0,1.229,1.196
44,2020-03-19,Belgium,1795.0,309.0,194.0,1.208,1.225,1172.0,218.0,194.0,1.229,1.208
45,2020-03-20,Belgium,2257.0,462.0,243.0,1.2570000000000001,1.2209999999999999,1437.0,265.0,243.0,1.226,1.217
46,2020-03-21,Belgium,2815.0,558.0,304.0,1.247,1.2229999999999999,1753.0,316.0,304.0,1.22,1.222
47,2020-03-22,Belgium,3401.0,586.0,359.0,1.208,1.212,2127.0,374.0,359.0,1.213,1.223
48,2020-03-23,Belgium,3835.0,434.0,397.0,1.128,1.203,2564.0,437.0,397.0,1.205,1.221
49,2020-03-24,Belgium,4269.0,434.0,432.0,1.113,1.194,3068.0,504.0,432.0,1.197,1.217
50,2020-03-25,Belgium,4937.0,668.0,493.0,1.156,1.188,3646.0,578.0,493.0,1.188,1.211
51,2020-03-26,Belgium,6235.0,1298.0,634.0,1.263,1.196,4299.0,653.0,634.0,1.179,1.204
52,2020-03-27,Belgium,7284.0,1049.0,718.0,1.168,1.183,5031.0,732.0,718.0,1.17,1.196
53,2020-03-28,Belgium,9134.0,1850.0,903.0,1.254,1.1840000000000002,5844.0,813.0,903.0,1.162,1.188
54,2020-03-29,Belgium,10836.0,1702.0,1062.0,1.186,1.181,6739.0,895.0,1062.0,1.153,1.179
55,2020-03-30,Belgium,11805.0,969.0,1139.0,1.089,1.176,7715.0,976.0,1139.0,1.145,1.171
56,2020-03-31,Belgium,12931.0,1126.0,1237.0,1.095,1.173,8771.0,1056.0,1237.0,1.137,1.162
57,2020-04-01,Belgium,14061.0,1130.0,1303.0,1.087,1.163,9906.0,1135.0,1303.0,1.129,1.154
58,2020-04-02,Belgium,15367.0,1306.0,1305.0,1.093,1.139,11116.0,1210.0,1305.0,1.122,1.145
59,2020-04-03,Belgium,16889.0,1522.0,1372.0,1.099,1.129,12396.0,1280.0,1372.0,1.115,1.138
60,2020-04-04,Belgium,18230.0,1341.0,1299.0,1.079,1.104,13743.0,1347.0,1299.0,1.109,1.13
61,2020-04-05,Belgium,19622.0,1392.0,1255.0,1.0759999999999998,1.088,15151.0,1408.0,1255.0,1.102,1.123
62,2020-04-06,Belgium,20942.0,1320.0,1305.0,1.067,1.085,16613.0,1462.0,1305.0,1.096,1.116
63,2020-04-07,Belgium,22108.0,1166.0,1311.0,1.056,1.08,18123.0,1510.0,1311.0,1.091,1.109
64,2020-04-08,Belgium,23588.0,1480.0,1361.0,1.067,1.077,19674.0,1551.0,1361.0,1.086,1.103
65,2020-04-09,Belgium,25035.0,1447.0,1381.0,1.061,1.072,21260.0,1586.0,1381.0,1.081,1.097
66,2020-04-10,Belgium,26500.0,1465.0,1373.0,1.0590000000000002,1.0659999999999998,22873.0,1613.0,1373.0,1.076,1.092
67,2020-04-11,Belgium,28157.0,1657.0,1418.0,1.063,1.064,24506.0,1633.0,1418.0,1.071,1.086
68,2020-04-12,Belgium,29303.0,1146.0,1383.0,1.041,1.0590000000000002,26152.0,1646.0,1383.0,1.067,1.081
69,2020-04-13,Belgium,30383.0,1080.0,1349.0,1.037,1.055,27804.0,1652.0,1349.0,1.063,1.076
70,2020-04-14,Belgium,32081.0,1698.0,1425.0,1.056,1.055,29457.0,1653.0,1425.0,1.059,1.072
71,2020-04-15,Belgium,32964.0,883.0,1339.0,1.028,1.0490000000000002,31104.0,1647.0,1339.0,1.056,1.068
72,2020-04-16,Belgium,34855.0,1891.0,1403.0,1.057,1.0490000000000002,32740.0,1636.0,1403.0,1.053,1.064
73,2020-04-17,Belgium,35996.0,1141.0,1357.0,1.033,1.045,34358.0,1618.0,1357.0,1.049,1.06
74,2020-04-18,Belgium,37317.0,1321.0,1309.0,1.037,1.041,35955.0,1597.0,1309.0,1.046,1.056
75,2020-04-19,Belgium,38583.0,1266.0,1326.0,1.034,1.04,37526.0,1571.0,1326.0,1.044,1.053
76,2020-04-20,Belgium,39726.0,1143.0,1335.0,1.03,1.0390000000000001,39068.0,1542.0,1335.0,1.041,1.05
77,2020-04-21,Belgium,40936.0,1210.0,1265.0,1.03,1.036,40576.0,1508.0,1265.0,1.039,1.047
78,2020-04-22,Belgium,41876.0,940.0,1273.0,1.023,1.035,42049.0,1473.0,1273.0,1.036,1.044
79,2020-04-23,Belgium,43091.0,1215.0,1177.0,1.0290000000000001,1.031,43483.0,1434.0,1177.0,1.034,1.041
80,2020-04-24,Belgium,44061.0,970.0,1152.0,1.023,1.0290000000000001,44877.0,1394.0,1152.0,1.032,1.039
81,2020-04-25,Belgium,45213.0,1152.0,1128.0,1.026,1.028,46229.0,1352.0,1128.0,1.03,1.037
82,2020-04-26,Belgium,46006.0,793.0,1060.0,1.018,1.026,47537.0,1308.0,1060.0,1.028,1.034
83,2020-04-27,Belgium,46734.0,728.0,1001.0,1.016,1.024,48802.0,1265.0,1001.0,1.027,1.032
84,2020-04-28,Belgium,47273.0,539.0,905.0,1.012,1.021,50021.0,1219.0,905.0,1.025,1.03
85,2020-04-29,Belgium,47859.0,586.0,855.0,1.012,1.0190000000000001,51195.0,1174.0,855.0,1.023,1.028
86,2020-04-30,Belgium,,,,,,52325.0,1130.0,1319.0,1.022,1.027
87,2020-05-01,Belgium,,,,,,53409.0,1084.0,1335.0,1.021,1.025
88,2020-05-02,Belgium,,,,,,54449.0,1040.0,1319.0,1.019,1.024
89,2020-05-03,Belgium,,,,,,55444.0,995.0,1348.0,1.018,1.022
90,2020-05-04,Belgium,,,,,,56397.0,953.0,1380.0,1.017,1.021
91,2020-05-05,Belgium,,,,,,57307.0,910.0,1433.0,1.016,1.019
92,2020-05-06,Belgium,,,,,,58175.0,868.0,1474.0,1.015,1.018
93,2020-05-07,Belgium,,,,,,59004.0,829.0,954.0,1.014,1.017
94,2020-05-08,Belgium,,,,,,59793.0,789.0,912.0,1.013,1.016
95,2020-05-09,Belgium,,,,,,60544.0,751.0,871.0,1.013,1.015
96,2020-05-10,Belgium,,,,,,61258.0,714.0,831.0,1.012,1.014
97,2020-05-11,Belgium,,,,,,61937.0,679.0,791.0,1.011,1.013
98,2020-05-12,Belgium,,,,,,62581.0,644.0,753.0,1.01,1.013
99,2020-05-13,Belgium,,,,,,63193.0,612.0,717.0,1.01,1.012
100,2020-05-14,Belgium,,,,,,63773.0,580.0,681.0,1.009,1.011
101,2020-05-15,Belgium,,,,,,64322.0,549.0,647.0,1.009,1.011
102,2020-05-16,Belgium,,,,,,64843.0,521.0,614.0,1.008,1.01
103,2020-05-17,Belgium,,,,,,65336.0,493.0,583.0,1.008,1.009
104,2020-05-18,Belgium,,,,,,65803.0,467.0,552.0,1.007,1.009
105,2020-05-19,Belgium,,,,,,66244.0,441.0,523.0,1.007,1.008
106,2020-05-20,Belgium,,,,,,66661.0,417.0,495.0,1.006,1.008
107,2020-05-21,Belgium,,,,,,67055.0,394.0,469.0,1.006,1.007
108,2020-05-22,Belgium,,,,,,67427.0,372.0,444.0,1.006,1.007
109,2020-05-23,Belgium,,,,,,67779.0,352.0,419.0,1.005,1.006
110,2020-05-24,Belgium,,,,,,68111.0,332.0,396.0,1.005,1.006
111,2020-05-25,Belgium,,,,,,68424.0,313.0,374.0,1.005,1.006
112,2020-05-26,Belgium,,,,,,68720.0,296.0,354.0,1.004,1.005
113,2020-05-27,Belgium,,,,,,68998.0,278.0,334.0,1.004,1.005
114,2020-05-28,Belgium,,,,,,69261.0,263.0,315.0,1.004,1.005
115,2020-05-29,Belgium,,,,,,69509.0,248.0,297.0,1.004,1.004
116,2020-05-30,Belgium,,,,,,69742.0,233.0,280.0,1.003,1.004
117,2020-05-31,Belgium,,,,,,69962.0,220.0,264.0,1.003,1.004
118,2020-06-01,Belgium,,,,,,70169.0,207.0,249.0,1.003,1.004
119,2020-06-02,Belgium,,,,,,70364.0,195.0,235.0,1.003,1.003
120,2020-06-03,Belgium,,,,,,70548.0,184.0,221.0,1.003,1.003
121,2020-06-04,Belgium,,,,,,70721.0,173.0,209.0,1.002,1.003
122,2020-06-05,Belgium,,,,,,70883.0,162.0,196.0,1.002,1.003
123,2020-06-06,Belgium,,,,,,71037.0,154.0,185.0,1.002,1.003
124,2020-06-07,Belgium,,,,,,71181.0,144.0,174.0,1.002,1.002
125,2020-06-08,Belgium,,,,,,71316.0,135.0,164.0,1.002,1.002
126,2020-06-09,Belgium,,,,,,71444.0,128.0,154.0,1.002,1.002
127,2020-06-10,Belgium,,,,,,71564.0,120.0,145.0,1.002,1.002
128,2020-06-11,Belgium,,,,,,71677.0,113.0,137.0,1.002,1.002
129,2020-06-12,Belgium,,,,,,71783.0,106.0,129.0,1.001,1.002
130,2020-06-13,Belgium,,,,,,71883.0,100.0,121.0,1.001,1.002
131,2020-06-14,Belgium,,,,,,71977.0,94.0,114.0,1.001,1.002
132,2020-06-15,Belgium,,,,,,72065.0,88.0,107.0,1.001,1.001
133,2020-06-16,Belgium,,,,,,72148.0,83.0,101.0,1.001,1.001
134,2020-06-17,Belgium,,,,,,72226.0,78.0,95.0,1.001,1.001
135,2020-06-18,Belgium,,,,,,72299.0,73.0,89.0,1.001,1.001
136,2020-06-19,Belgium,,,,,,72368.0,69.0,84.0,1.001,1.001
137,2020-06-20,Belgium,,,,,,72433.0,65.0,79.0,1.001,1.001
138,2020-06-21,Belgium,,,,,,72494.0,61.0,74.0,1.001,1.001
139,2020-06-22,Belgium,,,,,,72551.0,57.0,69.0,1.001,1.001
140,2020-06-23,Belgium,,,,,,72605.0,54.0,65.0,1.001,1.001
141,2020-06-24,Belgium,,,,,,72656.0,51.0,61.0,1.001,1.001
142,2020-06-25,Belgium,,,,,,72703.0,47.0,58.0,1.001,1.001
143,2020-06-26,Belgium,,,,,,72748.0,45.0,54.0,1.001,1.001
144,2020-06-27,Belgium,,,,,,72789.0,41.0,51.0,1.001,1.001
145,2020-06-28,Belgium,,,,,,72829.0,40.0,48.0,1.001,1.001
146,2020-06-29,Belgium,,,,,,72866.0,37.0,45.0,1.001,1.001
147,2020-06-30,Belgium,,,,,,72901.0,35.0,42.0,1.0,1.001
148,2020-07-01,Belgium,,,,,,72933.0,32.0,40.0,1.0,1.001
149,2020-07-02,Belgium,,,,,,72964.0,31.0,37.0,1.0,1.001
150,2020-07-03,Belgium,,,,,,72993.0,29.0,35.0,1.0,1.0
151,2020-07-04,Belgium,,,,,,73020.0,27.0,33.0,1.0,1.0
152,2020-07-05,Belgium,,,,,,73045.0,25.0,31.0,1.0,1.0
153,2020-07-06,Belgium,,,,,,73069.0,24.0,29.0,1.0,1.0
154,2020-07-07,Belgium,,,,,,73091.0,22.0,27.0,1.0,1.0
155,2020-07-08,Belgium,,,,,,73112.0,21.0,26.0,1.0,1.0
156,2020-07-09,Belgium,,,,,,73132.0,20.0,24.0,1.0,1.0
157,2020-07-10,Belgium,,,,,,73151.0,19.0,23.0,1.0,1.0
158,2020-07-11,Belgium,,,,,,73168.0,17.0,21.0,1.0,1.0
159,2020-07-12,Belgium,,,,,,73185.0,17.0,20.0,1.0,1.0
160,2020-07-13,Belgium,,,,,,73200.0,15.0,19.0,1.0,1.0
161,2020-07-14,Belgium,,,,,,73214.0,14.0,18.0,1.0,1.0
162,2020-07-15,Belgium,,,,,,73228.0,14.0,17.0,1.0,1.0
163,2020-07-16,Belgium,,,,,,73241.0,13.0,16.0,1.0,1.0
164,2020-07-17,Belgium,,,,,,73253.0,12.0,15.0,1.0,1.0
165,2020-07-18,Belgium,,,,,,73264.0,11.0,14.0,1.0,1.0
166,2020-07-19,Belgium,,,,,,73275.0,11.0,13.0,1.0,1.0
167,2020-07-20,Belgium,,,,,,73284.0,9.0,12.0,1.0,1.0
168,2020-07-21,Belgium,,,,,,73294.0,10.0,11.0,1.0,1.0
169,2020-07-22,Belgium,,,,,,73302.0,8.0,11.0,1.0,1.0
170,2020-07-23,Belgium,,,,,,73311.0,9.0,10.0,1.0,1.0
171,2020-07-24,Belgium,,,,,,73318.0,7.0,9.0,1.0,1.0
172,2020-07-25,Belgium,,,,,,73326.0,8.0,9.0,1.0,1.0
173,2020-07-26,Belgium,,,,,,73332.0,6.0,8.0,1.0,1.0
174,2020-07-27,Belgium,,,,,,73339.0,7.0,8.0,1.0,1.0
175,2020-07-28,Belgium,,,,,,73345.0,6.0,7.0,1.0,1.0
176,2020-07-29,Belgium,,,,,,73350.0,5.0,7.0,1.0,1.0
177,2020-07-30,Belgium,,,,,,73356.0,6.0,6.0,1.0,1.0
178,2020-07-31,Belgium,,,,,,73361.0,5.0,6.0,1.0,1.0
179,2020-08-01,Belgium,,,,,,73365.0,4.0,6.0,1.0,1.0
180,2020-08-02,Belgium,,,,,,73370.0,5.0,5.0,1.0,1.0
181,2020-08-03,Belgium,,,,,,73374.0,4.0,5.0,1.0,1.0
182,2020-08-04,Belgium,,,,,,73378.0,4.0,5.0,1.0,1.0
183,2020-08-05,Belgium,,,,,,73381.0,3.0,4.0,1.0,1.0
184,2020-08-06,Belgium,,,,,,73385.0,4.0,4.0,1.0,1.0
185,2020-08-07,Belgium,,,,,,73388.0,3.0,4.0,1.0,1.0
186,2020-08-08,Belgium,,,,,,73391.0,3.0,4.0,1.0,1.0
187,2020-08-09,Belgium,,,,,,73394.0,3.0,3.0,1.0,1.0
188,2020-08-10,Belgium,,,,,,73396.0,2.0,3.0,1.0,1.0
189,2020-08-11,Belgium,,,,,,73399.0,3.0,3.0,1.0,1.0
190,2020-08-12,Belgium,,,,,,73401.0,2.0,3.0,1.0,1.0
191,2020-08-13,Belgium,,,,,,73403.0,2.0,3.0,1.0,1.0
192,2020-08-14,Belgium,,,,,,73405.0,2.0,2.0,1.0,1.0
193,2020-08-15,Belgium,,,,,,73407.0,2.0,2.0,1.0,1.0
194,2020-08-16,Belgium,,,,,,73409.0,2.0,2.0,1.0,1.0
195,2020-08-17,Belgium,,,,,,73411.0,2.0,2.0,1.0,1.0
196,2020-08-18,Belgium,,,,,,73412.0,1.0,2.0,1.0,1.0
197,2020-08-19,Belgium,,,,,,73414.0,2.0,2.0,1.0,1.0
198,2020-08-20,Belgium,,,,,,73415.0,1.0,2.0,1.0,1.0
199,2020-08-21,Belgium,,,,,,73417.0,2.0,2.0,1.0,1.0
200,2020-08-22,Belgium,,,,,,73418.0,1.0,2.0,1.0,1.0
201,2020-08-23,Belgium,,,,,,73419.0,1.0,1.0,1.0,1.0
202,2020-08-24,Belgium,,,,,,73420.0,1.0,1.0,1.0,1.0
203,2020-08-25,Belgium,,,,,,73421.0,1.0,1.0,1.0,1.0
204,2020-08-26,Belgium,,,,,,73422.0,1.0,1.0,1.0,1.0
205,2020-08-27,Belgium,,,,,,73423.0,1.0,1.0,1.0,1.0
206,2020-08-28,Belgium,,,,,,73424.0,1.0,1.0,1.0,1.0
207,2020-08-29,Belgium,,,,,,73425.0,1.0,1.0,1.0,1.0
208,2020-08-30,Belgium,,,,,,73425.0,0.0,1.0,1.0,1.0
209,2020-08-31,Belgium,,,,,,73426.0,1.0,1.0,1.0,1.0
210,2020-09-01,Belgium,,,,,,73427.0,1.0,1.0,1.0,1.0
211,2020-09-02,Belgium,,,,,,73427.0,0.0,1.0,1.0,1.0
212,2020-09-03,Belgium,,,,,,73428.0,1.0,1.0,1.0,1.0
213,2020-09-04,Belgium,,,,,,73429.0,1.0,1.0,1.0,1.0
214,2020-09-05,Belgium,,,,,,73429.0,0.0,1.0,1.0,1.0
215,2020-09-06,Belgium,,,,,,73430.0,1.0,1.0,1.0,1.0
216,2020-09-07,Belgium,,,,,,73430.0,0.0,1.0,1.0,1.0
217,2020-09-08,Belgium,,,,,,73430.0,0.0,0.0,1.0,1.0
218,2020-09-09,Belgium,,,,,,73431.0,1.0,1.0,1.0,1.0
219,2020-09-10,Belgium,,,,,,73431.0,0.0,0.0,1.0,1.0
220,2020-09-11,Belgium,,,,,,73432.0,1.0,0.0,1.0,1.0
221,2020-09-12,Belgium,,,,,,73432.0,0.0,0.0,1.0,1.0
222,2020-09-13,Belgium,,,,,,73432.0,0.0,0.0,1.0,1.0
223,2020-09-14,Belgium,,,,,,73433.0,1.0,0.0,1.0,1.0
224,2020-09-15,Belgium,,,,,,73433.0,0.0,0.0,1.0,1.0
225,2020-09-16,Belgium,,,,,,73433.0,0.0,0.0,1.0,1.0
226,2020-09-17,Belgium,,,,,,73433.0,0.0,0.0,1.0,1.0
227,2020-09-18,Belgium,,,,,,73434.0,1.0,0.0,1.0,1.0
228,2020-09-19,Belgium,,,,,,73434.0,0.0,0.0,1.0,1.0
229,2020-09-20,Belgium,,,,,,73434.0,0.0,0.0,1.0,1.0
230,2020-09-21,Belgium,,,,,,73434.0,0.0,0.0,1.0,1.0
231,2020-09-22,Belgium,,,,,,73434.0,0.0,0.0,1.0,1.0
232,2020-09-23,Belgium,,,,,,73434.0,0.0,0.0,1.0,1.0
233,2020-09-24,Belgium,,,,,,73435.0,1.0,0.0,1.0,1.0
234,2020-09-25,Belgium,,,,,,73435.0,0.0,0.0,1.0,1.0
235,2020-09-26,Belgium,,,,,,73435.0,0.0,0.0,1.0,1.0
236,2020-09-27,Belgium,,,,,,73435.0,0.0,0.0,1.0,1.0
237,2020-09-28,Belgium,,,,,,73435.0,0.0,0.0,1.0,1.0
238,2020-09-29,Belgium,,,,,,73435.0,0.0,0.0,1.0,1.0
239,2020-09-30,Belgium,,,,,,73435.0,0.0,0.0,1.0,1.0
240,2020-10-01,Belgium,,,,,,73435.0,0.0,0.0,1.0,1.0
241,2020-10-02,Belgium,,,,,,73436.0,1.0,0.0,1.0,1.0
242,2020-10-03,Belgium,,,,,,73436.0,0.0,0.0,1.0,1.0
243,2020-10-04,Belgium,,,,,,73436.0,0.0,0.0,1.0,1.0
244,2020-10-05,Belgium,,,,,,73436.0,0.0,0.0,1.0,1.0
245,2020-10-06,Belgium,,,,,,73436.0,0.0,0.0,1.0,1.0
246,2020-10-07,Belgium,,,,,,73436.0,0.0,0.0,1.0,1.0
