,date,country,confirmed,new_confirmed,new_conf_avg_7,growth,growth_avg_7,predict,new_predict,new_pred_avg_7,p_growth,p_gr_avg_7
0,2020-02-25,Austria,2.0,2.0,,0.0,1.0,83,,,1.0,
1,2020-02-26,Austria,2.0,0.0,,1.0,1.0,83,0.0,,1.0,
2,2020-02-27,Austria,3.0,1.0,,1.5,1.0,83,0.0,,1.0,
3,2020-02-28,Austria,6.0,3.0,,2.0,1.09,83,0.0,,1.0,
4,2020-02-29,Austria,9.0,3.0,,1.5,1.156,83,0.0,,1.0,
5,2020-03-01,Austria,14.0,5.0,,1.556,1.229,83,0.0,,1.0,
6,2020-03-02,Austria,18.0,4.0,3.0,1.286,1.263,83,0.0,,1.0,1.0
7,2020-03-03,Austria,21.0,3.0,3.0,1.167,1.43,83,0.0,3.0,1.0,1.0
8,2020-03-04,Austria,29.0,8.0,4.0,1.381,1.484,83,0.0,4.0,1.0,1.0
9,2020-03-05,Austria,41.0,12.0,5.0,1.4140000000000001,1.472,83,0.0,5.0,1.0,1.0
10,2020-03-06,Austria,55.0,14.0,7.0,1.341,1.3780000000000001,85,2.0,7.0,1.024,1.003
11,2020-03-07,Austria,79.0,24.0,10.0,1.436,1.369,88,3.0,10.0,1.035,1.008
12,2020-03-08,Austria,104.0,25.0,13.0,1.3159999999999998,1.334,95,7.0,13.0,1.08,1.02
13,2020-03-09,Austria,131.0,27.0,16.0,1.26,1.331,109,14.0,16.0,1.147,1.041
14,2020-03-10,Austria,182.0,51.0,23.0,1.389,1.3619999999999999,134,25.0,23.0,1.229,1.074
15,2020-03-11,Austria,246.0,64.0,31.0,1.3519999999999999,1.358,179,45.0,31.0,1.336,1.122
16,2020-03-12,Austria,302.0,56.0,37.0,1.228,1.3319999999999999,252,73.0,37.0,1.408,1.18
17,2020-03-13,Austria,504.0,202.0,64.0,1.669,1.379,364,112.0,64.0,1.444,1.24
18,2020-03-14,Austria,655.0,151.0,82.0,1.3,1.359,525,161.0,82.0,1.442,1.298
19,2020-03-15,Austria,860.0,205.0,108.0,1.3130000000000002,1.359,746,221.0,108.0,1.421,1.347
20,2020-03-16,Austria,1018.0,158.0,127.0,1.1840000000000002,1.348,1036,290.0,127.0,1.389,1.381
21,2020-03-17,Austria,1332.0,314.0,164.0,1.308,1.3359999999999999,1398,362.0,164.0,1.349,1.398
22,2020-03-18,Austria,1646.0,314.0,200.0,1.236,1.32,1835,437.0,200.0,1.313,1.395
23,2020-03-19,Austria,2013.0,367.0,244.0,1.2229999999999999,1.319,2343,508.0,244.0,1.277,1.376
24,2020-03-20,Austria,2388.0,375.0,269.0,1.186,1.25,2915,572.0,269.0,1.244,1.348
25,2020-03-21,Austria,2814.0,426.0,308.0,1.178,1.2329999999999999,3541,626.0,308.0,1.215,1.315
26,2020-03-22,Austria,3244.0,430.0,341.0,1.153,1.21,4210,669.0,341.0,1.189,1.282
27,2020-03-23,Austria,4474.0,1230.0,494.0,1.379,1.238,4908,698.0,494.0,1.166,1.25
28,2020-03-24,Austria,5283.0,809.0,564.0,1.181,1.219,5622,714.0,564.0,1.145,1.221
29,2020-03-25,Austria,6096.0,813.0,636.0,1.1540000000000001,1.208,6339,717.0,636.0,1.128,1.195
30,2020-03-26,Austria,6909.0,813.0,699.0,1.133,1.195,7048,709.0,699.0,1.112,1.171
31,2020-03-27,Austria,7590.0,681.0,743.0,1.099,1.182,7740,692.0,743.0,1.098,1.15
32,2020-03-28,Austria,8222.0,632.0,773.0,1.083,1.169,8405,665.0,773.0,1.086,1.132
33,2020-03-29,Austria,8944.0,722.0,814.0,1.088,1.16,9038,633.0,814.0,1.075,1.116
34,2020-03-30,Austria,9484.0,540.0,716.0,1.06,1.114,9635,597.0,716.0,1.066,1.101
35,2020-03-31,Austria,10164.0,680.0,697.0,1.072,1.0979999999999999,10193,558.0,697.0,1.058,1.089
36,2020-04-01,Austria,10654.0,490.0,651.0,1.048,1.083,10710,517.0,651.0,1.051,1.078
37,2020-04-02,Austria,11117.0,463.0,601.0,1.043,1.07,11187,477.0,601.0,1.045,1.068
38,2020-04-03,Austria,11455.0,338.0,552.0,1.03,1.061,11624,437.0,552.0,1.039,1.06
39,2020-04-04,Austria,11787.0,332.0,509.0,1.0290000000000001,1.053,12021,397.0,509.0,1.034,1.053
40,2020-04-05,Austria,12039.0,252.0,442.0,1.021,1.043,12382,361.0,442.0,1.03,1.046
41,2020-04-06,Austria,12345.0,306.0,409.0,1.025,1.038,12708,326.0,409.0,1.026,1.04
42,2020-04-07,Austria,12619.0,274.0,351.0,1.022,1.031,13001,293.0,351.0,1.023,1.035
43,2020-04-08,Austria,12941.0,322.0,327.0,1.026,1.028,13264,263.0,327.0,1.02,1.031
44,2020-04-09,Austria,13248.0,307.0,304.0,1.024,1.025,13499,235.0,304.0,1.018,1.027
45,2020-04-10,Austria,13525.0,277.0,296.0,1.021,1.024,13709,210.0,296.0,1.016,1.024
46,2020-04-11,Austria,13750.0,225.0,280.0,1.0170000000000001,1.022,13896,187.0,280.0,1.014,1.021
47,2020-04-12,Austria,13923.0,173.0,269.0,1.013,1.021,14063,167.0,269.0,1.012,1.018
48,2020-04-13,Austria,14085.0,162.0,249.0,1.012,1.0190000000000001,14211,148.0,249.0,1.011,1.016
49,2020-04-14,Austria,14188.0,103.0,224.0,1.0070000000000001,1.0170000000000001,14341,130.0,224.0,1.009,1.014
50,2020-04-15,Austria,14351.0,163.0,201.0,1.011,1.015,14457,116.0,201.0,1.008,1.013
51,2020-04-16,Austria,14465.0,114.0,174.0,1.008,1.013,14560,103.0,174.0,1.007,1.011
52,2020-04-17,Austria,14573.0,108.0,150.0,1.0070000000000001,1.011,14650,90.0,150.0,1.006,1.01
53,2020-04-18,Austria,14672.0,99.0,132.0,1.0070000000000001,1.0090000000000001,14730,80.0,132.0,1.005,1.008
54,2020-04-19,Austria,14733.0,61.0,116.0,1.004,1.008,14800,70.0,116.0,1.005,1.007
55,2020-04-20,Austria,14811.0,78.0,104.0,1.005,1.0070000000000001,14862,62.0,104.0,1.004,1.006
56,2020-04-21,Austria,14860.0,49.0,96.0,1.003,1.006,14917,55.0,96.0,1.004,1.006
57,2020-04-22,Austria,14937.0,77.0,84.0,1.005,1.006,14965,48.0,84.0,1.003,1.005
58,2020-04-23,Austria,14998.0,61.0,76.0,1.004,1.005,15008,43.0,76.0,1.003,1.004
59,2020-04-24,Austria,15075.0,77.0,72.0,1.005,1.005,15045,37.0,72.0,1.002,1.004
60,2020-04-25,Austria,15148.0,73.0,68.0,1.005,1.004,15078,33.0,68.0,1.002,1.003
61,2020-04-26,Austria,15211.0,63.0,68.0,1.004,1.004,15107,29.0,68.0,1.002,1.003
62,2020-04-27,Austria,15291.0,80.0,69.0,1.005,1.004,15132,25.0,69.0,1.002,1.003
63,2020-04-28,Austria,15338.0,47.0,68.0,1.003,1.004,15154,22.0,68.0,1.001,1.002
64,2020-04-29,Austria,15402.0,64.0,66.0,1.004,1.004,15174,20.0,66.0,1.001,1.002
65,2020-04-30,Austria,,,,,,15191,17.0,28.0,1.001,1.002
66,2020-05-01,Austria,,,,,,15206,15.0,19.0,1.001,1.001
67,2020-05-02,Austria,,,,,,15219,13.0,10.0,1.001,1.001
68,2020-05-03,Austria,,,,,,15231,12.0,3.0,1.001,1.001
69,2020-05-04,Austria,,,,,,15241,10.0,-7.0,1.001,1.001
70,2020-05-05,Austria,,,,,,15250,9.0,-13.0,1.001,1.001
71,2020-05-06,Austria,,,,,,15258,8.0,-21.0,1.001,1.001
72,2020-05-07,Austria,,,,,,15265,7.0,11.0,1.0,1.001
73,2020-05-08,Austria,,,,,,15271,6.0,9.0,1.0,1.001
74,2020-05-09,Austria,,,,,,15276,5.0,8.0,1.0,1.001
75,2020-05-10,Austria,,,,,,15281,5.0,7.0,1.0,1.0
76,2020-05-11,Austria,,,,,,15285,4.0,6.0,1.0,1.0
77,2020-05-12,Austria,,,,,,15288,3.0,5.0,1.0,1.0
78,2020-05-13,Austria,,,,,,15291,3.0,5.0,1.0,1.0
79,2020-05-14,Austria,,,,,,15294,3.0,4.0,1.0,1.0
80,2020-05-15,Austria,,,,,,15297,3.0,4.0,1.0,1.0
81,2020-05-16,Austria,,,,,,15299,2.0,3.0,1.0,1.0
82,2020-05-17,Austria,,,,,,15301,2.0,3.0,1.0,1.0
83,2020-05-18,Austria,,,,,,15302,1.0,2.0,1.0,1.0
84,2020-05-19,Austria,,,,,,15304,2.0,2.0,1.0,1.0
85,2020-05-20,Austria,,,,,,15305,1.0,2.0,1.0,1.0
86,2020-05-21,Austria,,,,,,15306,1.0,2.0,1.0,1.0
87,2020-05-22,Austria,,,,,,15307,1.0,1.0,1.0,1.0
88,2020-05-23,Austria,,,,,,15308,1.0,1.0,1.0,1.0
89,2020-05-24,Austria,,,,,,15309,1.0,1.0,1.0,1.0
90,2020-05-25,Austria,,,,,,15309,0.0,1.0,1.0,1.0
91,2020-05-26,Austria,,,,,,15310,1.0,1.0,1.0,1.0
92,2020-05-27,Austria,,,,,,15310,0.0,1.0,1.0,1.0
93,2020-05-28,Austria,,,,,,15311,1.0,1.0,1.0,1.0
94,2020-05-29,Austria,,,,,,15311,0.0,1.0,1.0,1.0
95,2020-05-30,Austria,,,,,,15312,1.0,1.0,1.0,1.0
96,2020-05-31,Austria,,,,,,15312,0.0,0.0,1.0,1.0
97,2020-06-01,Austria,,,,,,15312,0.0,0.0,1.0,1.0
98,2020-06-02,Austria,,,,,,15312,0.0,0.0,1.0,1.0
99,2020-06-03,Austria,,,,,,15313,1.0,0.0,1.0,1.0
100,2020-06-04,Austria,,,,,,15313,0.0,0.0,1.0,1.0
101,2020-06-05,Austria,,,,,,15313,0.0,0.0,1.0,1.0
102,2020-06-06,Austria,,,,,,15313,0.0,0.0,1.0,1.0
103,2020-06-07,Austria,,,,,,15313,0.0,0.0,1.0,1.0
104,2020-06-08,Austria,,,,,,15313,0.0,0.0,1.0,1.0
105,2020-06-09,Austria,,,,,,15313,0.0,0.0,1.0,1.0
106,2020-06-10,Austria,,,,,,15313,0.0,0.0,1.0,1.0
107,2020-06-11,Austria,,,,,,15314,1.0,0.0,1.0,1.0
108,2020-06-12,Austria,,,,,,15314,0.0,0.0,1.0,1.0
109,2020-06-13,Austria,,,,,,15314,0.0,0.0,1.0,1.0
110,2020-06-14,Austria,,,,,,15314,0.0,0.0,1.0,1.0
111,2020-06-15,Austria,,,,,,15314,0.0,0.0,1.0,1.0
112,2020-06-16,Austria,,,,,,15314,0.0,0.0,1.0,1.0
113,2020-06-17,Austria,,,,,,15314,0.0,0.0,1.0,1.0
114,2020-06-18,Austria,,,,,,15314,0.0,0.0,1.0,1.0
115,2020-06-19,Austria,,,,,,15314,0.0,0.0,1.0,1.0
116,2020-06-20,Austria,,,,,,15314,0.0,0.0,1.0,1.0
117,2020-06-21,Austria,,,,,,15314,0.0,0.0,1.0,1.0
