,date,country,confirmed,new_confirmed,new_conf_avg_7,growth,growth_avg_7,predict,new_predict,new_pred_avg_7,p_growth,p_gr_avg_7
0,2020-02-25,Switzerland,1.0,1.0,,0.0,1.0,65,,,1.0,
1,2020-02-26,Switzerland,4.0,3.0,,4.0,1.3090000000000002,65,0.0,,1.0,
2,2020-02-27,Switzerland,8.0,4.0,,2.0,1.449,65,0.0,,1.0,
3,2020-02-28,Switzerland,13.0,5.0,,1.625,1.5330000000000001,65,0.0,,1.0,
4,2020-02-29,Switzerland,18.0,5.0,,1.385,1.5830000000000002,65,0.0,,1.0,
5,2020-03-01,Switzerland,27.0,9.0,,1.5,1.649,66,1.0,,1.015,
6,2020-03-02,Switzerland,42.0,15.0,6.0,1.556,1.724,67,1.0,,1.015,1.004
7,2020-03-03,Switzerland,56.0,14.0,8.0,1.3330000000000002,1.9140000000000001,70,3.0,8.0,1.045,1.011
8,2020-03-04,Switzerland,90.0,34.0,12.0,1.607,1.5719999999999998,76,6.0,12.0,1.086,1.023
9,2020-03-05,Switzerland,114.0,24.0,15.0,1.2670000000000001,1.4680000000000002,85,9.0,15.0,1.118,1.04
10,2020-03-06,Switzerland,214.0,100.0,29.0,1.8769999999999998,1.504,100,15.0,29.0,1.176,1.065
11,2020-03-07,Switzerland,268.0,54.0,36.0,1.252,1.485,124,24.0,36.0,1.24,1.099
12,2020-03-08,Switzerland,337.0,69.0,44.0,1.2570000000000001,1.45,163,39.0,44.0,1.315,1.142
13,2020-03-09,Switzerland,374.0,37.0,47.0,1.11,1.386,222,59.0,47.0,1.362,1.192
14,2020-03-10,Switzerland,491.0,117.0,62.0,1.3130000000000002,1.383,308,86.0,62.0,1.387,1.241
15,2020-03-11,Switzerland,652.0,161.0,80.0,1.328,1.3430000000000002,430,122.0,80.0,1.396,1.285
16,2020-03-12,Switzerland,895.0,243.0,112.0,1.3730000000000002,1.359,598,168.0,112.0,1.391,1.324
17,2020-03-13,Switzerland,1139.0,244.0,132.0,1.273,1.272,821,223.0,132.0,1.373,1.352
18,2020-03-14,Switzerland,1359.0,220.0,156.0,1.193,1.264,1110,289.0,156.0,1.352,1.368
19,2020-03-15,Switzerland,2200.0,841.0,266.0,1.619,1.3159999999999998,1474,364.0,266.0,1.328,1.37
20,2020-03-16,Switzerland,2450.0,250.0,297.0,1.114,1.3159999999999998,1920,446.0,297.0,1.303,1.361
21,2020-03-17,Switzerland,2700.0,250.0,316.0,1.102,1.286,2454,534.0,316.0,1.278,1.346
22,2020-03-18,Switzerland,3028.0,328.0,339.0,1.121,1.256,3078,624.0,339.0,1.254,1.326
23,2020-03-19,Switzerland,4075.0,1047.0,454.0,1.3459999999999999,1.253,3793,715.0,454.0,1.232,1.303
24,2020-03-20,Switzerland,5294.0,1219.0,594.0,1.2990000000000002,1.256,4595,802.0,594.0,1.211,1.28
25,2020-03-21,Switzerland,6575.0,1281.0,745.0,1.242,1.263,5477,882.0,745.0,1.192,1.257
26,2020-03-22,Switzerland,7245.0,670.0,721.0,1.102,1.189,6432,955.0,721.0,1.174,1.235
27,2020-03-23,Switzerland,8795.0,1550.0,906.0,1.214,1.204,7449,1017.0,906.0,1.158,1.214
28,2020-03-24,Switzerland,9877.0,1082.0,1025.0,1.123,1.207,8515,1066.0,1025.0,1.143,1.195
29,2020-03-25,Switzerland,10897.0,1020.0,1124.0,1.103,1.204,9617,1102.0,1124.0,1.129,1.177
30,2020-03-26,Switzerland,11811.0,914.0,1105.0,1.084,1.167,10744,1127.0,1105.0,1.117,1.161
31,2020-03-27,Switzerland,12928.0,1117.0,1091.0,1.095,1.138,11882,1138.0,1091.0,1.106,1.146
32,2020-03-28,Switzerland,14076.0,1148.0,1072.0,1.089,1.1159999999999999,13019,1137.0,1072.0,1.096,1.132
33,2020-03-29,Switzerland,14829.0,753.0,1083.0,1.053,1.109,14144,1125.0,1083.0,1.086,1.119
34,2020-03-30,Switzerland,15922.0,1093.0,1018.0,1.074,1.089,15247,1103.0,1018.0,1.078,1.108
35,2020-03-31,Switzerland,16605.0,683.0,961.0,1.043,1.077,16321,1074.0,961.0,1.07,1.097
36,2020-04-01,Switzerland,17768.0,1163.0,982.0,1.07,1.073,17358,1037.0,982.0,1.064,1.088
37,2020-04-02,Switzerland,18827.0,1059.0,1002.0,1.06,1.069,18353,995.0,1002.0,1.057,1.08
38,2020-04-03,Switzerland,19606.0,779.0,954.0,1.041,1.061,19302,949.0,954.0,1.052,1.072
39,2020-04-04,Switzerland,20505.0,899.0,918.0,1.046,1.055,20202,900.0,918.0,1.047,1.065
40,2020-04-05,Switzerland,21100.0,595.0,896.0,1.0290000000000001,1.052,21051,849.0,896.0,1.042,1.059
41,2020-04-06,Switzerland,21657.0,557.0,819.0,1.026,1.045,21848,797.0,819.0,1.038,1.053
42,2020-04-07,Switzerland,22253.0,596.0,807.0,1.028,1.043,22594,746.0,807.0,1.034,1.048
43,2020-04-08,Switzerland,23280.0,1027.0,787.0,1.046,1.0390000000000001,23290,696.0,787.0,1.031,1.043
44,2020-04-09,Switzerland,24051.0,771.0,746.0,1.033,1.036,23936,646.0,746.0,1.028,1.039
45,2020-04-10,Switzerland,24551.0,500.0,706.0,1.021,1.033,24534,598.0,706.0,1.025,1.035
46,2020-04-11,Switzerland,25107.0,556.0,657.0,1.023,1.0290000000000001,25087,553.0,657.0,1.023,1.032
47,2020-04-12,Switzerland,25415.0,308.0,616.0,1.012,1.0270000000000001,25596,509.0,616.0,1.02,1.028
48,2020-04-13,Switzerland,25688.0,273.0,576.0,1.011,1.025,26063,467.0,576.0,1.018,1.026
49,2020-04-14,Switzerland,25936.0,248.0,526.0,1.01,1.022,26492,429.0,526.0,1.016,1.023
50,2020-04-15,Switzerland,26336.0,400.0,437.0,1.015,1.018,26885,393.0,437.0,1.015,1.021
51,2020-04-16,Switzerland,26732.0,396.0,383.0,1.015,1.015,27244,359.0,383.0,1.013,1.019
52,2020-04-17,Switzerland,27078.0,346.0,361.0,1.013,1.014,27572,328.0,361.0,1.012,1.017
53,2020-04-18,Switzerland,27404.0,326.0,328.0,1.012,1.013,27871,299.0,328.0,1.011,1.015
54,2020-04-19,Switzerland,27740.0,336.0,332.0,1.012,1.013,28143,272.0,332.0,1.01,1.014
55,2020-04-20,Switzerland,27944.0,204.0,322.0,1.0070000000000001,1.012,28390,247.0,322.0,1.009,1.012
56,2020-04-21,Switzerland,28063.0,119.0,304.0,1.004,1.011,28615,225.0,304.0,1.008,1.011
57,2020-04-22,Switzerland,28268.0,205.0,276.0,1.0070000000000001,1.01,28819,204.0,276.0,1.007,1.01
58,2020-04-23,Switzerland,28496.0,228.0,252.0,1.008,1.0090000000000001,29004,185.0,252.0,1.006,1.009
59,2020-04-24,Switzerland,28677.0,181.0,228.0,1.006,1.008,29171,167.0,228.0,1.006,1.008
60,2020-04-25,Switzerland,28894.0,217.0,213.0,1.008,1.0070000000000001,29323,152.0,213.0,1.005,1.007
61,2020-04-26,Switzerland,29061.0,167.0,189.0,1.006,1.0070000000000001,29461,138.0,189.0,1.005,1.007
62,2020-04-27,Switzerland,29164.0,103.0,174.0,1.004,1.006,29585,124.0,174.0,1.004,1.006
63,2020-04-28,Switzerland,29264.0,100.0,172.0,1.003,1.006,29697,112.0,172.0,1.004,1.005
64,2020-04-29,Switzerland,29407.0,143.0,163.0,1.005,1.006,29799,102.0,163.0,1.003,1.005
65,2020-04-30,Switzerland,29586.0,179.0,156.0,1.006,1.005,29891,92.0,156.0,1.003,1.004
66,2020-05-01,Switzerland,29705.0,119.0,147.0,1.004,1.005,29974,83.0,147.0,1.003,1.004
67,2020-05-02,Switzerland,29817.0,112.0,132.0,1.004,1.005,30048,74.0,132.0,1.002,1.003
68,2020-05-03,Switzerland,29905.0,88.0,121.0,1.003,1.004,30116,68.0,121.0,1.002,1.003
69,2020-05-04,Switzerland,29981.0,76.0,117.0,1.003,1.004,30177,61.0,117.0,1.002,1.003
70,2020-05-05,Switzerland,30009.0,28.0,106.0,1.001,1.004,30232,55.0,106.0,1.002,1.002
71,2020-05-06,Switzerland,30060.0,51.0,93.0,1.002,1.003,30282,50.0,93.0,1.002,1.002
72,2020-05-07,Switzerland,30126.0,66.0,77.0,1.002,1.003,30326,44.0,77.0,1.001,1.002
73,2020-05-08,Switzerland,30207.0,81.0,72.0,1.003,1.003,30367,41.0,72.0,1.001,1.002
74,2020-05-09,Switzerland,30251.0,44.0,62.0,1.001,1.002,30403,36.0,62.0,1.001,1.002
75,2020-05-10,Switzerland,30305.0,54.0,57.0,1.002,1.002,30436,33.0,57.0,1.001,1.001
76,2020-05-11,Switzerland,30344.0,39.0,52.0,1.001,1.002,30465,29.0,52.0,1.001,1.001
77,2020-05-12,Switzerland,30380.0,36.0,53.0,1.001,1.002,30492,27.0,53.0,1.001,1.001
78,2020-05-13,Switzerland,30413.0,33.0,50.0,1.001,1.002,30516,24.0,50.0,1.001,1.001
79,2020-05-14,Switzerland,30463.0,50.0,48.0,1.002,1.002,30538,22.0,48.0,1.001,1.001
80,2020-05-15,Switzerland,30514.0,51.0,44.0,1.002,1.001,30557,19.0,44.0,1.001,1.001
81,2020-05-16,Switzerland,30572.0,58.0,46.0,1.002,1.002,30575,18.0,46.0,1.001,1.001
82,2020-05-17,Switzerland,30587.0,15.0,40.0,1.0,1.001,30591,16.0,40.0,1.001,1.001
83,2020-05-18,Switzerland,30597.0,10.0,36.0,1.0,1.001,30605,14.0,36.0,1.0,1.001
84,2020-05-19,Switzerland,30618.0,21.0,34.0,1.001,1.001,30618,13.0,34.0,1.0,1.001
85,2020-05-20,Switzerland,30658.0,40.0,35.0,1.001,1.001,30629,11.0,35.0,1.0,1.001
86,2020-05-21,Switzerland,30694.0,36.0,33.0,1.001,1.001,30640,11.0,33.0,1.0,1.0
87,2020-05-22,Switzerland,30707.0,13.0,28.0,1.0,1.001,30649,9.0,28.0,1.0,1.0
88,2020-05-23,Switzerland,30725.0,18.0,22.0,1.001,1.001,30657,8.0,22.0,1.0,1.0
89,2020-05-24,Switzerland,30736.0,11.0,21.0,1.0,1.001,30665,8.0,21.0,1.0,1.0
90,2020-05-25,Switzerland,30746.0,10.0,21.0,1.0,1.001,30672,7.0,21.0,1.0,1.0
91,2020-05-26,Switzerland,30761.0,15.0,20.0,1.0,1.0,30678,6.0,20.0,1.0,1.0
92,2020-05-27,Switzerland,30776.0,15.0,17.0,1.0,1.0,30684,6.0,17.0,1.0,1.0
93,2020-05-28,Switzerland,30796.0,20.0,15.0,1.001,1.0,30689,5.0,15.0,1.0,1.0
94,2020-05-29,Switzerland,30828.0,32.0,17.0,1.001,1.0,30693,4.0,17.0,1.0,1.0
95,2020-05-30,Switzerland,30845.0,17.0,17.0,1.001,1.0,30697,4.0,17.0,1.0,1.0
96,2020-05-31,Switzerland,,,,,,30701,4.0,-5.0,1.0,1.0
97,2020-06-01,Switzerland,,,,,,30704,3.0,-6.0,1.0,1.0
98,2020-06-02,Switzerland,,,,,,30707,3.0,-8.0,1.0,1.0
99,2020-06-03,Switzerland,,,,,,30710,3.0,-9.0,1.0,1.0
100,2020-06-04,Switzerland,,,,,,30712,2.0,-12.0,1.0,1.0
101,2020-06-05,Switzerland,,,,,,30714,2.0,-16.0,1.0,1.0
102,2020-06-06,Switzerland,,,,,,30716,2.0,-18.0,1.0,1.0
103,2020-06-07,Switzerland,,,,,,30718,2.0,2.0,1.0,1.0
104,2020-06-08,Switzerland,,,,,,30720,2.0,2.0,1.0,1.0
105,2020-06-09,Switzerland,,,,,,30721,1.0,2.0,1.0,1.0
106,2020-06-10,Switzerland,,,,,,30722,1.0,2.0,1.0,1.0
107,2020-06-11,Switzerland,,,,,,30723,1.0,2.0,1.0,1.0
108,2020-06-12,Switzerland,,,,,,30724,1.0,1.0,1.0,1.0
109,2020-06-13,Switzerland,,,,,,30725,1.0,1.0,1.0,1.0
110,2020-06-14,Switzerland,,,,,,30726,1.0,1.0,1.0,1.0
111,2020-06-15,Switzerland,,,,,,30727,1.0,1.0,1.0,1.0
112,2020-06-16,Switzerland,,,,,,30728,1.0,1.0,1.0,1.0
113,2020-06-17,Switzerland,,,,,,30728,0.0,1.0,1.0,1.0
114,2020-06-18,Switzerland,,,,,,30729,1.0,1.0,1.0,1.0
115,2020-06-19,Switzerland,,,,,,30729,0.0,1.0,1.0,1.0
116,2020-06-20,Switzerland,,,,,,30730,1.0,1.0,1.0,1.0
117,2020-06-21,Switzerland,,,,,,30730,0.0,1.0,1.0,1.0
118,2020-06-22,Switzerland,,,,,,30731,1.0,1.0,1.0,1.0
119,2020-06-23,Switzerland,,,,,,30731,0.0,0.0,1.0,1.0
120,2020-06-24,Switzerland,,,,,,30731,0.0,0.0,1.0,1.0
121,2020-06-25,Switzerland,,,,,,30731,0.0,0.0,1.0,1.0
122,2020-06-26,Switzerland,,,,,,30732,1.0,0.0,1.0,1.0
123,2020-06-27,Switzerland,,,,,,30732,0.0,0.0,1.0,1.0
124,2020-06-28,Switzerland,,,,,,30732,0.0,0.0,1.0,1.0
125,2020-06-29,Switzerland,,,,,,30732,0.0,0.0,1.0,1.0
126,2020-06-30,Switzerland,,,,,,30732,0.0,0.0,1.0,1.0
127,2020-07-01,Switzerland,,,,,,30733,1.0,0.0,1.0,1.0
128,2020-07-02,Switzerland,,,,,,30733,0.0,0.0,1.0,1.0
129,2020-07-03,Switzerland,,,,,,30733,0.0,0.0,1.0,1.0
130,2020-07-04,Switzerland,,,,,,30733,0.0,0.0,1.0,1.0
131,2020-07-05,Switzerland,,,,,,30733,0.0,0.0,1.0,1.0
132,2020-07-06,Switzerland,,,,,,30733,0.0,0.0,1.0,1.0
133,2020-07-07,Switzerland,,,,,,30733,0.0,0.0,1.0,1.0
134,2020-07-08,Switzerland,,,,,,30733,0.0,0.0,1.0,1.0
135,2020-07-09,Switzerland,,,,,,30733,0.0,0.0,1.0,1.0
136,2020-07-10,Switzerland,,,,,,30733,0.0,0.0,1.0,1.0
137,2020-07-11,Switzerland,,,,,,30733,0.0,0.0,1.0,1.0
138,2020-07-12,Switzerland,,,,,,30733,0.0,0.0,1.0,1.0
139,2020-07-13,Switzerland,,,,,,30733,0.0,0.0,1.0,1.0
140,2020-07-14,Switzerland,,,,,,30733,0.0,0.0,1.0,1.0
141,2020-07-15,Switzerland,,,,,,30734,1.0,0.0,1.0,1.0
142,2020-07-16,Switzerland,,,,,,30734,0.0,0.0,1.0,1.0
143,2020-07-17,Switzerland,,,,,,30734,0.0,0.0,1.0,1.0
144,2020-07-18,Switzerland,,,,,,30734,0.0,0.0,1.0,1.0
145,2020-07-19,Switzerland,,,,,,30734,0.0,0.0,1.0,1.0
146,2020-07-20,Switzerland,,,,,,30734,0.0,0.0,1.0,1.0
147,2020-07-21,Switzerland,,,,,,30734,0.0,0.0,1.0,1.0
148,2020-07-22,Switzerland,,,,,,30734,0.0,0.0,1.0,1.0
149,2020-07-23,Switzerland,,,,,,30734,0.0,0.0,1.0,1.0
150,2020-07-24,Switzerland,,,,,,30734,0.0,0.0,1.0,1.0
151,2020-07-25,Switzerland,,,,,,30734,0.0,0.0,1.0,1.0
152,2020-07-26,Switzerland,,,,,,30734,0.0,0.0,1.0,1.0
153,2020-07-27,Switzerland,,,,,,30734,0.0,0.0,1.0,1.0
154,2020-07-28,Switzerland,,,,,,30734,0.0,0.0,1.0,1.0
155,2020-07-29,Switzerland,,,,,,30734,0.0,0.0,1.0,1.0
156,2020-07-30,Switzerland,,,,,,30734,0.0,0.0,1.0,1.0
157,2020-07-31,Switzerland,,,,,,30734,0.0,0.0,1.0,1.0
