,date,country,confirmed,new_confirmed,new_conf_avg_7,growth,growth_avg_7,predict,new_predict,new_pred_avg_7,p_growth,p_gr_avg_7
0,2020-01-24,France,2.0,2.0,,0.0,1.0,260,,,1.0,
1,2020-01-25,France,3.0,1.0,,1.5,1.0,260,0.0,,1.0,
2,2020-01-26,France,3.0,0.0,,1.0,1.0,260,0.0,,1.0,
3,2020-01-27,France,3.0,0.0,,1.0,1.0,260,0.0,,1.0,
4,2020-01-28,France,4.0,1.0,,1.3330000000000002,1.0,260,0.0,,1.0,
5,2020-01-29,France,5.0,1.0,,1.25,1.012,260,0.0,,1.0,
6,2020-01-30,France,5.0,0.0,1.0,1.0,1.012,260,0.0,,1.0,1.0
7,2020-01-31,France,5.0,0.0,0.0,1.0,1.155,260,0.0,0.0,1.0,1.0
8,2020-02-01,France,6.0,1.0,0.0,1.2,1.112,260,0.0,0.0,1.0,1.0
9,2020-02-02,France,6.0,0.0,0.0,1.0,1.112,260,0.0,0.0,1.0,1.0
10,2020-02-03,France,6.0,0.0,0.0,1.0,1.112,260,0.0,0.0,1.0,1.0
11,2020-02-04,France,6.0,0.0,0.0,1.0,1.064,260,0.0,0.0,1.0,1.0
12,2020-02-05,France,6.0,0.0,0.0,1.0,1.0290000000000001,260,0.0,0.0,1.0,1.0
13,2020-02-06,France,6.0,0.0,0.0,1.0,1.0290000000000001,260,0.0,0.0,1.0,1.0
14,2020-02-07,France,8.0,2.0,0.0,1.3330000000000002,1.0759999999999998,260,0.0,0.0,1.0,1.0
15,2020-02-08,France,11.0,3.0,1.0,1.375,1.101,260,0.0,1.0,1.0,1.0
16,2020-02-09,France,11.0,0.0,1.0,1.0,1.101,260,0.0,1.0,1.0,1.0
17,2020-02-10,France,11.0,0.0,1.0,1.0,1.101,260,0.0,1.0,1.0,1.0
18,2020-02-11,France,11.0,0.0,1.0,1.0,1.101,260,0.0,1.0,1.0,1.0
19,2020-02-12,France,11.0,0.0,1.0,1.0,1.101,260,0.0,1.0,1.0,1.0
20,2020-02-13,France,11.0,0.0,1.0,1.0,1.101,260,0.0,1.0,1.0,1.0
21,2020-02-14,France,11.0,0.0,0.0,1.0,1.054,260,0.0,0.0,1.0,1.0
22,2020-02-15,France,12.0,1.0,0.0,1.091,1.013,260,0.0,0.0,1.0,1.0
23,2020-02-16,France,12.0,0.0,0.0,1.0,1.013,261,1.0,0.0,1.004,1.001
24,2020-02-17,France,12.0,0.0,0.0,1.0,1.013,261,0.0,0.0,1.0,1.001
25,2020-02-18,France,12.0,0.0,0.0,1.0,1.013,262,1.0,0.0,1.004,1.001
26,2020-02-19,France,12.0,0.0,0.0,1.0,1.013,263,1.0,0.0,1.004,1.002
27,2020-02-20,France,12.0,0.0,0.0,1.0,1.013,264,1.0,0.0,1.004,1.002
28,2020-02-21,France,12.0,0.0,0.0,1.0,1.013,265,1.0,0.0,1.004,1.003
29,2020-02-22,France,12.0,0.0,0.0,1.0,1.0,267,2.0,0.0,1.008,1.004
30,2020-02-23,France,12.0,0.0,0.0,1.0,1.0,270,3.0,0.0,1.011,1.005
31,2020-02-24,France,13.0,1.0,0.0,1.083,1.012,274,4.0,0.0,1.015,1.007
32,2020-02-25,France,14.0,1.0,0.0,1.077,1.023,279,5.0,0.0,1.018,1.009
33,2020-02-26,France,18.0,4.0,1.0,1.286,1.064,286,7.0,1.0,1.025,1.012
34,2020-02-27,France,38.0,20.0,4.0,2.1109999999999998,1.222,295,9.0,4.0,1.031,1.016
35,2020-02-28,France,57.0,19.0,6.0,1.5,1.294,308,13.0,6.0,1.044,1.022
36,2020-02-29,France,100.0,43.0,13.0,1.754,1.402,324,16.0,13.0,1.052,1.028
37,2020-03-01,France,130.0,30.0,17.0,1.3,1.444,347,23.0,17.0,1.071,1.037
38,2020-03-02,France,191.0,61.0,25.0,1.469,1.5,376,29.0,25.0,1.084,1.046
39,2020-03-03,France,204.0,13.0,27.0,1.068,1.4980000000000002,415,39.0,27.0,1.104,1.059
40,2020-03-04,France,285.0,81.0,38.0,1.3969999999999998,1.514,466,51.0,38.0,1.123,1.073
41,2020-03-05,France,377.0,92.0,48.0,1.3230000000000002,1.402,534,68.0,48.0,1.146,1.089
42,2020-03-06,France,653.0,276.0,85.0,1.732,1.435,622,88.0,85.0,1.165,1.106
43,2020-03-07,France,949.0,296.0,121.0,1.453,1.392,738,116.0,121.0,1.186,1.126
44,2020-03-08,France,1126.0,177.0,142.0,1.187,1.376,887,149.0,142.0,1.202,1.144
45,2020-03-09,France,1209.0,83.0,145.0,1.074,1.319,1081,194.0,145.0,1.219,1.164
46,2020-03-10,France,1784.0,575.0,226.0,1.476,1.3769999999999998,1328,247.0,226.0,1.228,1.181
47,2020-03-11,France,2281.0,497.0,285.0,1.2790000000000001,1.361,1644,316.0,285.0,1.238,1.198
48,2020-03-12,France,2971.0,690.0,371.0,1.3019999999999998,1.358,2044,400.0,371.0,1.243,1.212
49,2020-03-13,France,3661.0,690.0,430.0,1.232,1.286,2546,502.0,430.0,1.246,1.223
50,2020-03-14,France,4474.0,808.0,503.0,1.222,1.253,3173,627.0,504.0,1.246,1.232
51,2020-03-15,France,5559.0,1084.0,632.0,1.2429999999999999,1.261,3949,776.0,633.0,1.245,1.238
52,2020-03-16,France,6643.0,1081.0,775.0,1.195,1.278,4901,952.0,776.0,1.241,1.241
53,2020-03-17,France,7681.0,1021.0,839.0,1.156,1.2329999999999999,6058,1157.0,842.0,1.236,1.242
54,2020-03-18,France,9043.0,1358.0,962.0,1.177,1.218,7451,1393.0,966.0,1.23,1.241
55,2020-03-19,France,10871.0,1775.0,1117.0,1.202,1.204,9112,1661.0,1129.0,1.223,1.238
56,2020-03-20,France,12612.0,1680.0,1258.0,1.16,1.194,11071,1959.0,1279.0,1.215,1.234
57,2020-03-21,France,14282.0,1576.0,1368.0,1.1320000000000001,1.181,13359,2288.0,1401.0,1.207,1.228
58,2020-03-22,France,16018.0,1613.0,1443.0,1.122,1.163,16002,2643.0,1494.0,1.198,1.221
59,2020-03-23,France,20089.0,3902.0,1846.0,1.254,1.172,19020,3018.0,1921.0,1.189,1.214
60,2020-03-24,France,22581.0,2492.0,2057.0,1.124,1.167,22427,3407.0,2129.0,1.179,1.206
61,2020-03-25,France,25547.0,2966.0,2286.0,1.131,1.161,26232,3805.0,2358.0,1.17,1.197
62,2020-03-26,France,29507.0,3960.0,2598.0,1.155,1.1540000000000001,30430,4198.0,2662.0,1.16,1.188
63,2020-03-27,France,33355.0,3848.0,2908.0,1.13,1.15,35011,4581.0,2963.0,1.151,1.179
64,2020-03-28,France,38044.0,4689.0,3353.0,1.141,1.151,39952,4941.0,3395.0,1.141,1.17
65,2020-03-29,France,40683.0,2639.0,3499.0,1.069,1.143,45223,5271.0,3524.0,1.132,1.16
66,2020-03-30,France,45119.0,4436.0,3576.0,1.109,1.123,50785,5562.0,3576.0,1.123,1.151
67,2020-03-31,France,52758.0,7639.0,4311.0,1.169,1.129,56590,5805.0,4311.0,1.114,1.142
68,2020-04-01,France,57686.0,4928.0,4591.0,1.093,1.124,62588,5998.0,4591.0,1.106,1.132
69,2020-04-02,France,59849.0,2163.0,4335.0,1.037,1.107,68722,6134.0,4335.0,1.098,1.124
70,2020-04-03,France,65117.0,5268.0,4537.0,1.088,1.101,74937,6215.0,4537.0,1.09,1.115
71,2020-04-04,France,90761.0,25644.0,7531.0,1.3940000000000001,1.137,81174,6237.0,7531.0,1.083,1.107
72,2020-04-05,France,93680.0,2919.0,7571.0,1.032,1.1320000000000001,87381,6207.0,7571.0,1.076,1.099
73,2020-04-06,France,98593.0,4913.0,7639.0,1.052,1.124,93506,6125.0,7639.0,1.07,1.091
74,2020-04-07,France,101790.0,3197.0,7005.0,1.032,1.104,99504,5998.0,7005.0,1.064,1.084
75,2020-04-08,France,105686.0,3896.0,6857.0,1.038,1.0959999999999999,105335,5831.0,6857.0,1.059,1.077
76,2020-04-09,France,110501.0,4815.0,7236.0,1.046,1.097,110964,5629.0,7236.0,1.053,1.071
77,2020-04-10,France,115329.0,4828.0,7173.0,1.044,1.091,116365,5401.0,7173.0,1.049,1.065
78,2020-04-11,France,120126.0,4797.0,4195.0,1.042,1.041,121516,5151.0,4195.0,1.044,1.059
79,2020-04-12,France,123072.0,2946.0,4199.0,1.025,1.04,126402,4886.0,4199.0,1.04,1.054
80,2020-04-13,France,127270.0,4198.0,4097.0,1.034,1.037,131013,4611.0,4097.0,1.036,1.049
81,2020-04-14,France,131249.0,3979.0,4208.0,1.031,1.037,135345,4332.0,4208.0,1.033,1.045
82,2020-04-15,France,134476.0,3227.0,4113.0,1.025,1.035,139396,4051.0,4113.0,1.03,1.041
83,2020-04-16,France,146981.0,12505.0,5211.0,1.093,1.042,143172,3776.0,5211.0,1.027,1.037
84,2020-04-17,France,149016.0,2035.0,4812.0,1.014,1.038,146677,3505.0,4812.0,1.024,1.033
85,2020-04-18,France,151496.0,2480.0,4481.0,1.0170000000000001,1.034,149920,3243.0,4481.0,1.022,1.03
86,2020-04-19,France,153980.0,2484.0,4415.0,1.016,1.033,152912,2992.0,4415.0,1.02,1.027
87,2020-04-20,France,156383.0,2403.0,4159.0,1.016,1.03,155666,2754.0,4159.0,1.018,1.025
88,2020-04-21,France,157542.0,1159.0,3756.0,1.0070000000000001,1.0270000000000001,158193,2527.0,3756.0,1.016,1.022
89,2020-04-22,France,158455.0,913.0,3426.0,1.006,1.024,160507,2314.0,3426.0,1.015,1.02
90,2020-04-23,France,159357.0,902.0,1768.0,1.006,1.012,162623,2116.0,1768.0,1.013,1.018
91,2020-04-24,France,159834.0,477.0,1545.0,1.003,1.01,164553,1930.0,1545.0,1.012,1.017
92,2020-04-25,France,161524.0,1690.0,1433.0,1.011,1.0090000000000001,166310,1757.0,1433.0,1.011,1.015
93,2020-04-26,France,162100.0,576.0,1160.0,1.004,1.008,167908,1598.0,1160.0,1.01,1.014
94,2020-04-27,France,163384.0,1284.0,1000.0,1.008,1.006,169360,1452.0,1000.0,1.009,1.012
95,2020-04-28,France,164670.0,1286.0,1018.0,1.008,1.0070000000000001,170676,1316.0,1018.0,1.008,1.011
96,2020-04-29,France,165959.0,1289.0,1072.0,1.008,1.0070000000000001,171869,1193.0,1072.0,1.007,1.01
97,2020-04-30,France,167179.0,1220.0,1117.0,1.0070000000000001,1.0070000000000001,172949,1080.0,1117.0,1.006,1.009
98,2020-05-01,France,167790.0,611.0,1137.0,1.004,1.0070000000000001,173925,976.0,1137.0,1.006,1.008
99,2020-05-02,France,168452.0,662.0,990.0,1.004,1.006,174808,883.0,990.0,1.005,1.007
100,2020-05-03,France,168807.0,355.0,958.0,1.002,1.006,175604,796.0,958.0,1.005,1.007
101,2020-05-04,France,169462.0,655.0,868.0,1.004,1.005,176323,719.0,868.0,1.004,1.006
102,2020-05-05,France,170566.0,1104.0,842.0,1.0070000000000001,1.005,176971,648.0,842.0,1.004,1.005
103,2020-05-06,France,174158.0,3592.0,1171.0,1.021,1.0070000000000001,177556,585.0,1171.0,1.003,1.005
104,2020-05-07,France,174796.0,638.0,1088.0,1.004,1.0070000000000001,178082,526.0,1088.0,1.003,1.004
105,2020-05-08,France,176146.0,1350.0,1194.0,1.008,1.0070000000000001,178556,474.0,1194.0,1.003,1.004
106,2020-05-09,France,176659.0,513.0,1172.0,1.003,1.0070000000000001,178983,427.0,1172.0,1.002,1.003
107,2020-05-10,France,176970.0,311.0,1166.0,1.002,1.0070000000000001,179367,384.0,1166.0,1.002,1.003
108,2020-05-11,France,177463.0,493.0,1143.0,1.003,1.0070000000000001,179712,345.0,1143.0,1.002,1.003
109,2020-05-12,France,178226.0,763.0,1094.0,1.004,1.006,180023,311.0,1094.0,1.002,1.002
110,2020-05-13,France,178065.0,-161.0,558.0,0.9990000000000001,1.003,180302,279.0,558.0,1.002,1.002
111,2020-05-14,France,178871.0,806.0,582.0,1.005,1.003,180553,251.0,582.0,1.001,1.002
112,2020-05-15,France,179557.0,686.0,487.0,1.004,1.003,180779,226.0,487.0,1.001,1.002
113,2020-05-16,France,179506.0,-51.0,407.0,1.0,1.002,180981,202.0,407.0,1.001,1.002
114,2020-05-17,France,179576.0,70.0,372.0,1.0,1.002,181163,182.0,372.0,1.001,1.001
115,2020-05-18,France,179927.0,351.0,352.0,1.002,1.002,181327,164.0,352.0,1.001,1.001
116,2020-05-19,France,180861.0,934.0,376.0,1.005,1.002,181474,147.0,376.0,1.001,1.001
117,2020-05-20,France,181575.0,714.0,501.0,1.004,1.003,181606,132.0,501.0,1.001,1.001
118,2020-05-21,France,181851.0,276.0,426.0,1.002,1.002,181724,118.0,426.0,1.001,1.001
119,2020-05-22,France,181891.0,40.0,333.0,1.0,1.002,181831,107.0,333.0,1.001,1.001
120,2020-05-23,France,182222.0,331.0,388.0,1.002,1.002,181926,95.0,388.0,1.001,1.001
121,2020-05-24,France,182586.0,364.0,430.0,1.002,1.002,182012,86.0,430.0,1.0,1.001
122,2020-05-25,France,182942.0,356.0,431.0,1.002,1.002,182089,77.0,431.0,1.0,1.001
123,2020-05-26,France,182722.0,-220.0,266.0,0.9990000000000001,1.002,182158,69.0,266.0,1.0,1.001
124,2020-05-27,France,184467.0,1745.0,413.0,1.01,1.002,182220,62.0,413.0,1.0,1.0
125,2020-05-28,France,186239.0,1772.0,627.0,1.01,1.004,182276,56.0,627.0,1.0,1.0
126,2020-05-29,France,186797.0,558.0,701.0,1.003,1.004,182326,50.0,701.0,1.0,1.0
127,2020-05-30,France,188625.0,1828.0,915.0,1.01,1.005,182370,44.0,915.0,1.0,1.0
128,2020-05-31,France,,,,,,182411,41.0,-25.0,1.0,1.0
129,2020-06-01,France,,,,,,182447,36.0,-71.0,1.0,1.0
130,2020-06-02,France,,,,,,182479,32.0,-35.0,1.0,1.0
131,2020-06-03,France,,,,,,182508,29.0,-280.0,1.0,1.0
132,2020-06-04,France,,,,,,182534,26.0,-529.0,1.0,1.0
133,2020-06-05,France,,,,,,182558,24.0,-606.0,1.0,1.0
134,2020-06-06,France,,,,,,182579,21.0,-864.0,1.0,1.0
135,2020-06-07,France,,,,,,182598,19.0,27.0,1.0,1.0
136,2020-06-08,France,,,,,,182614,16.0,24.0,1.0,1.0
137,2020-06-09,France,,,,,,182630,16.0,22.0,1.0,1.0
138,2020-06-10,France,,,,,,182643,13.0,19.0,1.0,1.0
139,2020-06-11,France,,,,,,182655,12.0,17.0,1.0,1.0
140,2020-06-12,France,,,,,,182666,11.0,15.0,1.0,1.0
141,2020-06-13,France,,,,,,182676,10.0,14.0,1.0,1.0
142,2020-06-14,France,,,,,,182685,9.0,12.0,1.0,1.0
143,2020-06-15,France,,,,,,182693,8.0,11.0,1.0,1.0
144,2020-06-16,France,,,,,,182700,7.0,10.0,1.0,1.0
145,2020-06-17,France,,,,,,182706,6.0,9.0,1.0,1.0
146,2020-06-18,France,,,,,,182712,6.0,8.0,1.0,1.0
147,2020-06-19,France,,,,,,182717,5.0,7.0,1.0,1.0
148,2020-06-20,France,,,,,,182722,5.0,7.0,1.0,1.0
149,2020-06-21,France,,,,,,182726,4.0,6.0,1.0,1.0
150,2020-06-22,France,,,,,,182730,4.0,5.0,1.0,1.0
151,2020-06-23,France,,,,,,182733,3.0,5.0,1.0,1.0
152,2020-06-24,France,,,,,,182736,3.0,4.0,1.0,1.0
153,2020-06-25,France,,,,,,182739,3.0,4.0,1.0,1.0
154,2020-06-26,France,,,,,,182741,2.0,3.0,1.0,1.0
155,2020-06-27,France,,,,,,182743,2.0,3.0,1.0,1.0
156,2020-06-28,France,,,,,,182745,2.0,3.0,1.0,1.0
157,2020-06-29,France,,,,,,182747,2.0,2.0,1.0,1.0
158,2020-06-30,France,,,,,,182748,1.0,2.0,1.0,1.0
159,2020-07-01,France,,,,,,182750,2.0,2.0,1.0,1.0
160,2020-07-02,France,,,,,,182751,1.0,2.0,1.0,1.0
161,2020-07-03,France,,,,,,182752,1.0,2.0,1.0,1.0
162,2020-07-04,France,,,,,,182753,1.0,1.0,1.0,1.0
163,2020-07-05,France,,,,,,182754,1.0,1.0,1.0,1.0
164,2020-07-06,France,,,,,,182755,1.0,1.0,1.0,1.0
165,2020-07-07,France,,,,,,182756,1.0,1.0,1.0,1.0
166,2020-07-08,France,,,,,,182756,0.0,1.0,1.0,1.0
167,2020-07-09,France,,,,,,182757,1.0,1.0,1.0,1.0
168,2020-07-10,France,,,,,,182757,0.0,1.0,1.0,1.0
169,2020-07-11,France,,,,,,182758,1.0,1.0,1.0,1.0
170,2020-07-12,France,,,,,,182758,0.0,1.0,1.0,1.0
171,2020-07-13,France,,,,,,182759,1.0,1.0,1.0,1.0
172,2020-07-14,France,,,,,,182759,0.0,0.0,1.0,1.0
173,2020-07-15,France,,,,,,182759,0.0,0.0,1.0,1.0
174,2020-07-16,France,,,,,,182759,0.0,0.0,1.0,1.0
175,2020-07-17,France,,,,,,182760,1.0,0.0,1.0,1.0
176,2020-07-18,France,,,,,,182760,0.0,0.0,1.0,1.0
177,2020-07-19,France,,,,,,182760,0.0,0.0,1.0,1.0
178,2020-07-20,France,,,,,,182760,0.0,0.0,1.0,1.0
179,2020-07-21,France,,,,,,182760,0.0,0.0,1.0,1.0
180,2020-07-22,France,,,,,,182761,1.0,0.0,1.0,1.0
181,2020-07-23,France,,,,,,182761,0.0,0.0,1.0,1.0
182,2020-07-24,France,,,,,,182761,0.0,0.0,1.0,1.0
183,2020-07-25,France,,,,,,182761,0.0,0.0,1.0,1.0
184,2020-07-26,France,,,,,,182761,0.0,0.0,1.0,1.0
185,2020-07-27,France,,,,,,182761,0.0,0.0,1.0,1.0
186,2020-07-28,France,,,,,,182761,0.0,0.0,1.0,1.0
187,2020-07-29,France,,,,,,182761,0.0,0.0,1.0,1.0
188,2020-07-30,France,,,,,,182761,0.0,0.0,1.0,1.0
189,2020-07-31,France,,,,,,182761,0.0,0.0,1.0,1.0
190,2020-08-01,France,,,,,,182761,0.0,0.0,1.0,1.0
191,2020-08-02,France,,,,,,182761,0.0,0.0,1.0,1.0
192,2020-08-03,France,,,,,,182762,1.0,0.0,1.0,1.0
193,2020-08-04,France,,,,,,182762,0.0,0.0,1.0,1.0
194,2020-08-05,France,,,,,,182762,0.0,0.0,1.0,1.0
195,2020-08-06,France,,,,,,182762,0.0,0.0,1.0,1.0
196,2020-08-07,France,,,,,,182762,0.0,0.0,1.0,1.0
197,2020-08-08,France,,,,,,182762,0.0,0.0,1.0,1.0
198,2020-08-09,France,,,,,,182762,0.0,0.0,1.0,1.0
199,2020-08-10,France,,,,,,182762,0.0,0.0,1.0,1.0
200,2020-08-11,France,,,,,,182762,0.0,0.0,1.0,1.0
201,2020-08-12,France,,,,,,182762,0.0,0.0,1.0,1.0
202,2020-08-13,France,,,,,,182762,0.0,0.0,1.0,1.0
203,2020-08-14,France,,,,,,182762,0.0,0.0,1.0,1.0
204,2020-08-15,France,,,,,,182762,0.0,0.0,1.0,1.0
205,2020-08-16,France,,,,,,182762,0.0,0.0,1.0,1.0
206,2020-08-17,France,,,,,,182762,0.0,0.0,1.0,1.0
207,2020-08-18,France,,,,,,182762,0.0,0.0,1.0,1.0
208,2020-08-19,France,,,,,,182762,0.0,0.0,1.0,1.0
209,2020-08-20,France,,,,,,182762,0.0,0.0,1.0,1.0
210,2020-08-21,France,,,,,,182762,0.0,0.0,1.0,1.0
211,2020-08-22,France,,,,,,182762,0.0,0.0,1.0,1.0
212,2020-08-23,France,,,,,,182762,0.0,0.0,1.0,1.0
213,2020-08-24,France,,,,,,182762,0.0,0.0,1.0,1.0
214,2020-08-25,France,,,,,,182762,0.0,0.0,1.0,1.0
215,2020-08-26,France,,,,,,182762,0.0,0.0,1.0,1.0
216,2020-08-27,France,,,,,,182762,0.0,0.0,1.0,1.0
217,2020-08-28,France,,,,,,182762,0.0,0.0,1.0,1.0
